45
1: [8, 16, 24, 32, 40, 48, 56, 57, 58, 59, 60, 61, 62, 63, 55, 47, 39, 31, 23, 15, 7, 6, 5, 4, 3, 2, 1, 0]
2: [0, 1, 9, 8]
3: [0, 1, 2, 10, 18, 17, 16, 8]
4: [0, 1, 2, 3, 11, 19, 27, 26, 25, 24, 16, 8]
5: [0, 1, 2, 3, 4, 12, 20, 28, 36, 35, 34, 33, 32, 24, 16, 8]
6: [0, 1, 2, 3, 4, 5, 13, 21, 29, 37, 45, 44, 43, 42, 41, 40, 32, 24, 16, 8]
7: [0, 1, 2, 3, 4, 5, 6, 14, 22, 30, 38, 46, 54, 53, 52, 51, 50, 49, 48, 40, 32, 24, 16, 8]
8: [54, 55, 63, 62]
9: [45, 46, 47, 55, 63, 62, 61, 53]
10: [36, 37, 38, 39, 47, 55, 63, 62, 61, 60, 52, 44]
11:  [27, 28, 29, 30, 31, 39, 47, 55, 63, 62, 61, 60, 59, 51, 43, 35]
12: [18, 19, 20, 21, 22, 23, 31, 39, 47, 55, 63, 62, 61, 60, 59, 58, 50, 42, 34, 26]
13: [9, 10, 11, 12, 13, 14, 15, 23, 31, 39, 47, 55, 63, 62, 61, 60, 59, 58, 57, 49, 41, 33, 25, 17]
14: [8, 9, 10, 11, 12, 13, 14, 15, 7, 6, 5, 4, 3, 2, 1, 0]
15: [8, 16, 17, 18, 19, 20, 21, 22, 23, 15, 7, 6, 5, 4, 3, 2, 1, 0]
16: [8, 16, 24, 25, 26, 27, 28, 29, 30, 31, 23, 15, 7, 6, 5, 4, 3, 2, 1, 0]
17: [8, 16, 24, 32, 33, 34, 35, 36, 37, 38, 39, 31, 23, 15, 7, 6, 5, 4, 3, 2, 1, 0]
18: [8, 16, 24, 32, 40, 41, 42, 43, 44, 45, 46, 47, 39, 31, 23, 15, 7, 6, 5, 4, 3, 2, 1, 0]
19: [8, 16, 24, 32, 40, 48, 49, 50, 51, 52, 53, 54, 55, 47, 39, 31, 23, 15, 7, 6, 5, 4, 3, 2, 1, 0]
20: [16, 24, 32, 40, 48, 56, 57, 58, 59, 60, 61, 62, 63, 55, 47, 39, 31, 23, 15, 14, 13, 12, 11, 10, 9, 8]
21: [24, 32, 40, 48, 56, 57, 58, 59, 60, 61, 62, 63, 55, 47, 39, 31, 23, 22, 21, 20, 19, 18, 17, 16]
22: [32, 40, 48, 56, 57, 58, 59, 60, 61, 62, 63, 55, 47, 39, 31, 30, 29, 28, 27, 26, 25, 24]
23: [40, 48, 56, 57, 58, 59, 60, 61, 62, 63, 55, 47, 39, 38, 37, 36, 35, 34, 33, 32]
24: [48, 56, 57, 58, 59, 60, 61, 62, 63, 55, 47, 46, 45, 44, 43, 42, 41, 40]
25: [56, 57, 58, 59, 60, 61, 62, 63, 55, 54, 53, 52, 51, 50, 49, 48]
26: [9, 10, 11, 12, 13, 14, 22, 30, 38, 46, 54, 53, 52, 51, 50, 49, 41, 33, 25, 17]
27: [17, 18, 19, 20, 21, 22, 14, 13, 12, 11, 10, 9]
28: [17, 25, 26, 27, 28, 29, 30, 22, 14, 13, 12, 11, 10, 9]
29: [17, 25, 33, 34, 35, 36, 37, 38, 30, 22, 14, 13, 12, 11, 10, 9]
30: [17, 25, 33, 41, 42, 43, 44, 45, 46, 38, 30, 22, 14, 13, 12, 11, 10, 9]
31: [25, 33, 41, 49, 50, 51, 52, 53, 54, 46, 38, 30, 22, 21, 20, 19, 18, 17]
32: [33, 41, 49, 50, 51, 52, 53, 54, 46, 38, 30, 29, 28, 27, 26, 25]
33: [41, 49, 50, 51, 52, 53, 54, 46, 38, 37, 36, 35, 34, 33]
34: [49, 50, 51, 52, 53, 54, 46, 45, 44, 43, 42, 41]
35: [26, 34, 42, 43, 44, 45, 37, 29, 21, 20, 19, 18]
36: [18, 19, 27, 26]
37: [18, 19, 20, 28, 36, 35, 34, 26]
38: [18, 19, 20, 21, 29, 37, 45, 44, 43, 42, 34, 26]
39: [9, 10, 11, 12, 13, 21, 29, 37, 45, 44, 43, 42, 41, 33, 25, 17]
40: [26, 27, 28, 29, 21, 20, 19, 18]
41: [26, 34, 35, 36, 37, 29, 21, 20, 19, 18]
42: [34, 42, 43, 44, 45, 37, 29, 28, 27, 26]
43: [42, 43, 44, 45, 37, 36, 35, 34]
44: [27, 28, 36, 35]
45: [35, 36, 28, 27]
