64
0
0 = [ ]
1 = [ 1 2 3 4 5 6 7 14 15 16 17 18 19 ]
2 = [ 1 3 4 5 6 7 14 15 16 17 18 19 ]
3 = [ 1 4 5 6 7 14 15 16 17 18 19 ]
4 = [ 1 5 6 7 14 15 16 17 18 19 ]
5 = [ 1 6 7 14 15 16 17 18 19 ]
6 = [ 1 7 14 15 16 17 18 19 ]
7 = [ 1 14 15 16 17 18 19 ]
8 = [ 1 2 3 4 5 6 7 14 15 16 17 18 19 ]
9 = [ 2 14 ]
10 = [ 3 14 ]
11 = [ 4 14 ]
12 = [ 5 14 ]
13 = [ 6 14 ]
14 = [ 7 14 ]
15 = [ 1 14 15 16 17 18 19 ]
16 = [ 1 3 4 5 6 7 15 16 17 18 19 ]
17 = [ 3 15 ]
18 = [ 3 15 ]
19 = [ 4 15 ]
20 = [ 5 15 ]
21 = [ 6 15 ]
22 = [ 7 15 ]
23 = [ 1 15 16 17 18 19 ]
24 = [ 1 4 5 6 7 16 17 18 19 ]
25 = [ 4 16 ]
26 = [ 4 16 ]
27 = [ 4 16 ]
28 = [ 5 16 ]
29 = [ 6 16 ]
30 = [ 7 16 ]
31 = [ 1 16 17 18 19 ]
32 = [ 1 5 6 7 17 18 19 ]
33 = [ 5 17 ]
34 = [ 5 17 ]
35 = [ 5 17 ]
36 = [ 5 17 ]
37 = [ 6 17 ]
38 = [ 7 17 ]
39 = [ 1 17 18 19 ]
40 = [ 1 6 7 18 19 ]
41 = [ 6 18 ]
42 = [ 6 18 ]
43 = [ 6 18 ]
44 = [ 6 18 ]
45 = [ 6 18 ]
46 = [ 7 18 ]
47 = [ 1 18 19 ]
48 = [ 1 7 19 ]
49 = [ 7 19 ]
50 = [ 7 19 ]
51 = [ 7 19 ]
52 = [ 7 19 ]
53 = [ 7 19 ]
54 = [ 7 19 ]
55 = [ 1 19 ]
56 = [ 1 ]
57 = [ 1 ]
58 = [ 1 ]
59 = [ 1 ]
60 = [ 1 ]
61 = [ 1 ]
62 = [ 1 ]
63 = [ 1 ]
1
0 = [ 1 2 3 4 5 6 7 14 15 16 17 18 19 ]
1 = [ ]
2 = [ 1 3 4 5 6 7 14 15 16 17 18 19 ]
3 = [ 1 4 5 6 7 14 15 16 17 18 19 ]
4 = [ 1 5 6 7 14 15 16 17 18 19 ]
5 = [ 1 6 7 14 15 16 17 18 19 ]
6 = [ 1 7 14 15 16 17 18 19 ]
7 = [ 1 14 15 16 17 18 19 ]
8 = [ 1 2 3 4 5 6 7 14 15 16 17 18 19 ]
9 = [ 2 14 ]
10 = [ 3 14 ]
11 = [ 4 14 ]
12 = [ 5 14 ]
13 = [ 6 14 ]
14 = [ 7 14 ]
15 = [ 1 14 15 16 17 18 19 ]
16 = [ 1 3 4 5 6 7 15 16 17 18 19 ]
17 = [ 3 15 ]
18 = [ 3 15 ]
19 = [ 4 15 ]
20 = [ 5 15 ]
21 = [ 6 15 ]
22 = [ 7 15 ]
23 = [ 1 15 16 17 18 19 ]
24 = [ 1 4 5 6 7 16 17 18 19 ]
25 = [ 4 16 ]
26 = [ 4 16 ]
27 = [ 4 16 ]
28 = [ 5 16 ]
29 = [ 6 16 ]
30 = [ 7 16 ]
31 = [ 1 16 17 18 19 ]
32 = [ 1 5 6 7 17 18 19 ]
33 = [ 5 17 ]
34 = [ 5 17 ]
35 = [ 5 17 ]
36 = [ 5 17 ]
37 = [ 6 17 ]
38 = [ 7 17 ]
39 = [ 1 17 18 19 ]
40 = [ 1 6 7 18 19 ]
41 = [ 6 18 ]
42 = [ 6 18 ]
43 = [ 6 18 ]
44 = [ 6 18 ]
45 = [ 6 18 ]
46 = [ 7 18 ]
47 = [ 1 18 19 ]
48 = [ 1 7 19 ]
49 = [ 7 19 ]
50 = [ 7 19 ]
51 = [ 7 19 ]
52 = [ 7 19 ]
53 = [ 7 19 ]
54 = [ 7 19 ]
55 = [ 1 19 ]
56 = [ 1 ]
57 = [ 1 ]
58 = [ 1 ]
59 = [ 1 ]
60 = [ 1 ]
61 = [ 1 ]
62 = [ 1 ]
63 = [ 1 ]
2
0 = [ 1 3 4 5 6 7 14 15 16 17 18 19 ]
1 = [ 1 3 4 5 6 7 14 15 16 17 18 19 ]
2 = [ ]
3 = [ 1 4 5 6 7 14 15 16 17 18 19 ]
4 = [ 1 5 6 7 14 15 16 17 18 19 ]
5 = [ 1 6 7 14 15 16 17 18 19 ]
6 = [ 1 7 14 15 16 17 18 19 ]
7 = [ 1 14 15 16 17 18 19 ]
8 = [ 1 3 4 5 6 7 14 15 16 17 18 19 ]
9 = [ 14 ]
10 = [ 3 14 ]
11 = [ 4 14 ]
12 = [ 5 14 ]
13 = [ 6 14 ]
14 = [ 7 14 ]
15 = [ 1 14 15 16 17 18 19 ]
16 = [ 1 3 4 5 6 7 15 16 17 18 19 ]
17 = [ 3 15 ]
18 = [ 3 15 ]
19 = [ 4 15 ]
20 = [ 5 15 ]
21 = [ 6 15 ]
22 = [ 7 15 ]
23 = [ 1 15 16 17 18 19 ]
24 = [ 1 4 5 6 7 16 17 18 19 ]
25 = [ 4 16 ]
26 = [ 4 16 ]
27 = [ 4 16 ]
28 = [ 5 16 ]
29 = [ 6 16 ]
30 = [ 7 16 ]
31 = [ 1 16 17 18 19 ]
32 = [ 1 5 6 7 17 18 19 ]
33 = [ 5 17 ]
34 = [ 5 17 ]
35 = [ 5 17 ]
36 = [ 5 17 ]
37 = [ 6 17 ]
38 = [ 7 17 ]
39 = [ 1 17 18 19 ]
40 = [ 1 6 7 18 19 ]
41 = [ 6 18 ]
42 = [ 6 18 ]
43 = [ 6 18 ]
44 = [ 6 18 ]
45 = [ 6 18 ]
46 = [ 7 18 ]
47 = [ 1 18 19 ]
48 = [ 1 7 19 ]
49 = [ 7 19 ]
50 = [ 7 19 ]
51 = [ 7 19 ]
52 = [ 7 19 ]
53 = [ 7 19 ]
54 = [ 7 19 ]
55 = [ 1 19 ]
56 = [ 1 ]
57 = [ 1 ]
58 = [ 1 ]
59 = [ 1 ]
60 = [ 1 ]
61 = [ 1 ]
62 = [ 1 ]
63 = [ 1 ]
3
0 = [ 1 4 5 6 7 14 15 16 17 18 19 ]
1 = [ 1 4 5 6 7 14 15 16 17 18 19 ]
2 = [ 1 4 5 6 7 14 15 16 17 18 19 ]
3 = [ ]
4 = [ 1 5 6 7 14 15 16 17 18 19 ]
5 = [ 1 6 7 14 15 16 17 18 19 ]
6 = [ 1 7 14 15 16 17 18 19 ]
7 = [ 1 14 15 16 17 18 19 ]
8 = [ 1 4 5 6 7 14 15 16 17 18 19 ]
9 = [ 14 ]
10 = [ 14 ]
11 = [ 4 14 ]
12 = [ 5 14 ]
13 = [ 6 14 ]
14 = [ 7 14 ]
15 = [ 1 14 15 16 17 18 19 ]
16 = [ 1 4 5 6 7 15 16 17 18 19 ]
17 = [ 15 ]
18 = [ 15 ]
19 = [ 4 15 ]
20 = [ 5 15 ]
21 = [ 6 15 ]
22 = [ 7 15 ]
23 = [ 1 15 16 17 18 19 ]
24 = [ 1 4 5 6 7 16 17 18 19 ]
25 = [ 4 16 ]
26 = [ 4 16 ]
27 = [ 4 16 ]
28 = [ 5 16 ]
29 = [ 6 16 ]
30 = [ 7 16 ]
31 = [ 1 16 17 18 19 ]
32 = [ 1 5 6 7 17 18 19 ]
33 = [ 5 17 ]
34 = [ 5 17 ]
35 = [ 5 17 ]
36 = [ 5 17 ]
37 = [ 6 17 ]
38 = [ 7 17 ]
39 = [ 1 17 18 19 ]
40 = [ 1 6 7 18 19 ]
41 = [ 6 18 ]
42 = [ 6 18 ]
43 = [ 6 18 ]
44 = [ 6 18 ]
45 = [ 6 18 ]
46 = [ 7 18 ]
47 = [ 1 18 19 ]
48 = [ 1 7 19 ]
49 = [ 7 19 ]
50 = [ 7 19 ]
51 = [ 7 19 ]
52 = [ 7 19 ]
53 = [ 7 19 ]
54 = [ 7 19 ]
55 = [ 1 19 ]
56 = [ 1 ]
57 = [ 1 ]
58 = [ 1 ]
59 = [ 1 ]
60 = [ 1 ]
61 = [ 1 ]
62 = [ 1 ]
63 = [ 1 ]
4
0 = [ 1 5 6 7 14 15 16 17 18 19 ]
1 = [ 1 5 6 7 14 15 16 17 18 19 ]
2 = [ 1 5 6 7 14 15 16 17 18 19 ]
3 = [ 1 5 6 7 14 15 16 17 18 19 ]
4 = [ ]
5 = [ 1 6 7 14 15 16 17 18 19 ]
6 = [ 1 7 14 15 16 17 18 19 ]
7 = [ 1 14 15 16 17 18 19 ]
8 = [ 1 5 6 7 14 15 16 17 18 19 ]
9 = [ 14 ]
10 = [ 14 ]
11 = [ 14 ]
12 = [ 5 14 ]
13 = [ 6 14 ]
14 = [ 7 14 ]
15 = [ 1 14 15 16 17 18 19 ]
16 = [ 1 5 6 7 15 16 17 18 19 ]
17 = [ 15 ]
18 = [ 15 ]
19 = [ 15 ]
20 = [ 5 15 ]
21 = [ 6 15 ]
22 = [ 7 15 ]
23 = [ 1 15 16 17 18 19 ]
24 = [ 1 5 6 7 16 17 18 19 ]
25 = [ 16 ]
26 = [ 16 ]
27 = [ 16 ]
28 = [ 5 16 ]
29 = [ 6 16 ]
30 = [ 7 16 ]
31 = [ 1 16 17 18 19 ]
32 = [ 1 5 6 7 17 18 19 ]
33 = [ 5 17 ]
34 = [ 5 17 ]
35 = [ 5 17 ]
36 = [ 5 17 ]
37 = [ 6 17 ]
38 = [ 7 17 ]
39 = [ 1 17 18 19 ]
40 = [ 1 6 7 18 19 ]
41 = [ 6 18 ]
42 = [ 6 18 ]
43 = [ 6 18 ]
44 = [ 6 18 ]
45 = [ 6 18 ]
46 = [ 7 18 ]
47 = [ 1 18 19 ]
48 = [ 1 7 19 ]
49 = [ 7 19 ]
50 = [ 7 19 ]
51 = [ 7 19 ]
52 = [ 7 19 ]
53 = [ 7 19 ]
54 = [ 7 19 ]
55 = [ 1 19 ]
56 = [ 1 ]
57 = [ 1 ]
58 = [ 1 ]
59 = [ 1 ]
60 = [ 1 ]
61 = [ 1 ]
62 = [ 1 ]
63 = [ 1 ]
5
0 = [ 1 6 7 14 15 16 17 18 19 ]
1 = [ 1 6 7 14 15 16 17 18 19 ]
2 = [ 1 6 7 14 15 16 17 18 19 ]
3 = [ 1 6 7 14 15 16 17 18 19 ]
4 = [ 1 6 7 14 15 16 17 18 19 ]
5 = [ ]
6 = [ 1 7 14 15 16 17 18 19 ]
7 = [ 1 14 15 16 17 18 19 ]
8 = [ 1 6 7 14 15 16 17 18 19 ]
9 = [ 14 ]
10 = [ 14 ]
11 = [ 14 ]
12 = [ 14 ]
13 = [ 6 14 ]
14 = [ 7 14 ]
15 = [ 1 14 15 16 17 18 19 ]
16 = [ 1 6 7 15 16 17 18 19 ]
17 = [ 15 ]
18 = [ 15 ]
19 = [ 15 ]
20 = [ 15 ]
21 = [ 6 15 ]
22 = [ 7 15 ]
23 = [ 1 15 16 17 18 19 ]
24 = [ 1 6 7 16 17 18 19 ]
25 = [ 16 ]
26 = [ 16 ]
27 = [ 16 ]
28 = [ 16 ]
29 = [ 6 16 ]
30 = [ 7 16 ]
31 = [ 1 16 17 18 19 ]
32 = [ 1 6 7 17 18 19 ]
33 = [ 17 ]
34 = [ 17 ]
35 = [ 17 ]
36 = [ 17 ]
37 = [ 6 17 ]
38 = [ 7 17 ]
39 = [ 1 17 18 19 ]
40 = [ 1 6 7 18 19 ]
41 = [ 6 18 ]
42 = [ 6 18 ]
43 = [ 6 18 ]
44 = [ 6 18 ]
45 = [ 6 18 ]
46 = [ 7 18 ]
47 = [ 1 18 19 ]
48 = [ 1 7 19 ]
49 = [ 7 19 ]
50 = [ 7 19 ]
51 = [ 7 19 ]
52 = [ 7 19 ]
53 = [ 7 19 ]
54 = [ 7 19 ]
55 = [ 1 19 ]
56 = [ 1 ]
57 = [ 1 ]
58 = [ 1 ]
59 = [ 1 ]
60 = [ 1 ]
61 = [ 1 ]
62 = [ 1 ]
63 = [ 1 ]
6
0 = [ 1 7 14 15 16 17 18 19 ]
1 = [ 1 7 14 15 16 17 18 19 ]
2 = [ 1 7 14 15 16 17 18 19 ]
3 = [ 1 7 14 15 16 17 18 19 ]
4 = [ 1 7 14 15 16 17 18 19 ]
5 = [ 1 7 14 15 16 17 18 19 ]
6 = [ ]
7 = [ 1 14 15 16 17 18 19 ]
8 = [ 1 7 14 15 16 17 18 19 ]
9 = [ 14 ]
10 = [ 14 ]
11 = [ 14 ]
12 = [ 14 ]
13 = [ 14 ]
14 = [ 7 14 ]
15 = [ 1 14 15 16 17 18 19 ]
16 = [ 1 7 15 16 17 18 19 ]
17 = [ 15 ]
18 = [ 15 ]
19 = [ 15 ]
20 = [ 15 ]
21 = [ 15 ]
22 = [ 7 15 ]
23 = [ 1 15 16 17 18 19 ]
24 = [ 1 7 16 17 18 19 ]
25 = [ 16 ]
26 = [ 16 ]
27 = [ 16 ]
28 = [ 16 ]
29 = [ 16 ]
30 = [ 7 16 ]
31 = [ 1 16 17 18 19 ]
32 = [ 1 7 17 18 19 ]
33 = [ 17 ]
34 = [ 17 ]
35 = [ 17 ]
36 = [ 17 ]
37 = [ 17 ]
38 = [ 7 17 ]
39 = [ 1 17 18 19 ]
40 = [ 1 7 18 19 ]
41 = [ 18 ]
42 = [ 18 ]
43 = [ 18 ]
44 = [ 18 ]
45 = [ 18 ]
46 = [ 7 18 ]
47 = [ 1 18 19 ]
48 = [ 1 7 19 ]
49 = [ 7 19 ]
50 = [ 7 19 ]
51 = [ 7 19 ]
52 = [ 7 19 ]
53 = [ 7 19 ]
54 = [ 7 19 ]
55 = [ 1 19 ]
56 = [ 1 ]
57 = [ 1 ]
58 = [ 1 ]
59 = [ 1 ]
60 = [ 1 ]
61 = [ 1 ]
62 = [ 1 ]
63 = [ 1 ]
7
0 = [ 1 14 15 16 17 18 19 ]
1 = [ 1 14 15 16 17 18 19 ]
2 = [ 1 14 15 16 17 18 19 ]
3 = [ 1 14 15 16 17 18 19 ]
4 = [ 1 14 15 16 17 18 19 ]
5 = [ 1 14 15 16 17 18 19 ]
6 = [ 1 14 15 16 17 18 19 ]
7 = [ ]
8 = [ 1 14 15 16 17 18 19 ]
9 = [ 14 ]
10 = [ 14 ]
11 = [ 14 ]
12 = [ 14 ]
13 = [ 14 ]
14 = [ 14 ]
15 = [ 1 14 15 16 17 18 19 ]
16 = [ 1 15 16 17 18 19 ]
17 = [ 15 ]
18 = [ 15 ]
19 = [ 15 ]
20 = [ 15 ]
21 = [ 15 ]
22 = [ 15 ]
23 = [ 1 15 16 17 18 19 ]
24 = [ 1 16 17 18 19 ]
25 = [ 16 ]
26 = [ 16 ]
27 = [ 16 ]
28 = [ 16 ]
29 = [ 16 ]
30 = [ 16 ]
31 = [ 1 16 17 18 19 ]
32 = [ 1 17 18 19 ]
33 = [ 17 ]
34 = [ 17 ]
35 = [ 17 ]
36 = [ 17 ]
37 = [ 17 ]
38 = [ 17 ]
39 = [ 1 17 18 19 ]
40 = [ 1 18 19 ]
41 = [ 18 ]
42 = [ 18 ]
43 = [ 18 ]
44 = [ 18 ]
45 = [ 18 ]
46 = [ 18 ]
47 = [ 1 18 19 ]
48 = [ 1 19 ]
49 = [ 19 ]
50 = [ 19 ]
51 = [ 19 ]
52 = [ 19 ]
53 = [ 19 ]
54 = [ 19 ]
55 = [ 1 19 ]
56 = [ 1 ]
57 = [ 1 ]
58 = [ 1 ]
59 = [ 1 ]
60 = [ 1 ]
61 = [ 1 ]
62 = [ 1 ]
63 = [ 1 ]
8
0 = [ 1 2 3 4 5 6 7 14 15 16 17 18 19 ]
1 = [ 1 2 3 4 5 6 7 14 15 16 17 18 19 ]
2 = [ 1 3 4 5 6 7 14 15 16 17 18 19 ]
3 = [ 1 4 5 6 7 14 15 16 17 18 19 ]
4 = [ 1 5 6 7 14 15 16 17 18 19 ]
5 = [ 1 6 7 14 15 16 17 18 19 ]
6 = [ 1 7 14 15 16 17 18 19 ]
7 = [ 1 14 15 16 17 18 19 ]
8 = [ ]
9 = [ 2 14 20 ]
10 = [ 3 14 20 ]
11 = [ 4 14 20 ]
12 = [ 5 14 20 ]
13 = [ 6 14 20 ]
14 = [ 7 14 20 ]
15 = [ 1 14 15 16 17 18 19 20 ]
16 = [ 1 3 4 5 6 7 15 16 17 18 19 20 ]
17 = [ 3 15 ]
18 = [ 3 15 ]
19 = [ 4 15 ]
20 = [ 5 15 ]
21 = [ 6 15 ]
22 = [ 7 15 ]
23 = [ 1 15 16 17 18 19 20 ]
24 = [ 1 4 5 6 7 16 17 18 19 20 ]
25 = [ 4 16 ]
26 = [ 4 16 ]
27 = [ 4 16 ]
28 = [ 5 16 ]
29 = [ 6 16 ]
30 = [ 7 16 ]
31 = [ 1 16 17 18 19 20 ]
32 = [ 1 5 6 7 17 18 19 20 ]
33 = [ 5 17 ]
34 = [ 5 17 ]
35 = [ 5 17 ]
36 = [ 5 17 ]
37 = [ 6 17 ]
38 = [ 7 17 ]
39 = [ 1 17 18 19 20 ]
40 = [ 1 6 7 18 19 20 ]
41 = [ 6 18 ]
42 = [ 6 18 ]
43 = [ 6 18 ]
44 = [ 6 18 ]
45 = [ 6 18 ]
46 = [ 7 18 ]
47 = [ 1 18 19 20 ]
48 = [ 1 7 19 20 ]
49 = [ 7 19 ]
50 = [ 7 19 ]
51 = [ 7 19 ]
52 = [ 7 19 ]
53 = [ 7 19 ]
54 = [ 7 19 ]
55 = [ 1 19 20 ]
56 = [ 1 20 ]
57 = [ 1 20 ]
58 = [ 1 20 ]
59 = [ 1 20 ]
60 = [ 1 20 ]
61 = [ 1 20 ]
62 = [ 1 20 ]
63 = [ 1 20 ]
9
0 = [ 2 14 ]
1 = [ 2 14 ]
2 = [ 14 ]
3 = [ 14 ]
4 = [ 14 ]
5 = [ 14 ]
6 = [ 14 ]
7 = [ 14 ]
8 = [ 2 14 20 ]
9 = [ ]
10 = [ 13 14 20 26 27 28 29 30 39 ]
11 = [ 13 14 20 26 27 28 29 30 39 ]
12 = [ 13 14 20 26 27 28 29 30 39 ]
13 = [ 13 14 20 26 27 28 29 30 39 ]
14 = [ 13 14 20 26 27 28 29 30 ]
15 = [ 13 14 20 ]
16 = [ 20 ]
17 = [ 13 26 27 28 29 30 39 ]
18 = [ 27 ]
19 = [ 27 ]
20 = [ 27 ]
21 = [ 27 39 ]
22 = [ 26 27 28 29 30 ]
23 = [ 13 20 ]
24 = [ 20 ]
25 = [ 13 26 28 29 30 39 ]
26 = [ 28 ]
27 = [ 28 ]
28 = [ 28 ]
29 = [ 28 39 ]
30 = [ 26 28 29 30 ]
31 = [ 13 20 ]
32 = [ 20 ]
33 = [ 13 26 29 30 39 ]
34 = [ 29 ]
35 = [ 29 ]
36 = [ 29 ]
37 = [ 29 39 ]
38 = [ 26 29 30 ]
39 = [ 13 20 ]
40 = [ 20 ]
41 = [ 13 26 30 39 ]
42 = [ 30 39 ]
43 = [ 30 39 ]
44 = [ 30 39 ]
45 = [ 30 39 ]
46 = [ 26 30 ]
47 = [ 13 20 ]
48 = [ 20 ]
49 = [ 13 26 ]
50 = [ 26 ]
51 = [ 26 ]
52 = [ 26 ]
53 = [ 26 ]
54 = [ 26 ]
55 = [ 13 20 ]
56 = [ 20 ]
57 = [ 13 20 ]
58 = [ 13 20 ]
59 = [ 13 20 ]
60 = [ 13 20 ]
61 = [ 13 20 ]
62 = [ 13 20 ]
63 = [ 13 20 ]
10
0 = [ 3 14 ]
1 = [ 3 14 ]
2 = [ 3 14 ]
3 = [ 14 ]
4 = [ 14 ]
5 = [ 14 ]
6 = [ 14 ]
7 = [ 14 ]
8 = [ 3 14 20 ]
9 = [ 13 14 20 26 27 28 29 30 39 ]
10 = [ ]
11 = [ 13 14 20 26 27 28 29 30 39 ]
12 = [ 13 14 20 26 27 28 29 30 39 ]
13 = [ 13 14 20 26 27 28 29 30 39 ]
14 = [ 13 14 20 26 27 28 29 30 ]
15 = [ 13 14 20 ]
16 = [ 3 20 ]
17 = [ 3 13 26 27 28 29 30 39 ]
18 = [ 3 27 ]
19 = [ 27 ]
20 = [ 27 ]
21 = [ 27 39 ]
22 = [ 26 27 28 29 30 ]
23 = [ 13 20 ]
24 = [ 20 ]
25 = [ 13 26 28 29 30 39 ]
26 = [ 28 ]
27 = [ 28 ]
28 = [ 28 ]
29 = [ 28 39 ]
30 = [ 26 28 29 30 ]
31 = [ 13 20 ]
32 = [ 20 ]
33 = [ 13 26 29 30 39 ]
34 = [ 29 ]
35 = [ 29 ]
36 = [ 29 ]
37 = [ 29 39 ]
38 = [ 26 29 30 ]
39 = [ 13 20 ]
40 = [ 20 ]
41 = [ 13 26 30 39 ]
42 = [ 30 39 ]
43 = [ 30 39 ]
44 = [ 30 39 ]
45 = [ 30 39 ]
46 = [ 26 30 ]
47 = [ 13 20 ]
48 = [ 20 ]
49 = [ 13 26 ]
50 = [ 26 ]
51 = [ 26 ]
52 = [ 26 ]
53 = [ 26 ]
54 = [ 26 ]
55 = [ 13 20 ]
56 = [ 20 ]
57 = [ 13 20 ]
58 = [ 13 20 ]
59 = [ 13 20 ]
60 = [ 13 20 ]
61 = [ 13 20 ]
62 = [ 13 20 ]
63 = [ 13 20 ]
11
0 = [ 4 14 ]
1 = [ 4 14 ]
2 = [ 4 14 ]
3 = [ 4 14 ]
4 = [ 14 ]
5 = [ 14 ]
6 = [ 14 ]
7 = [ 14 ]
8 = [ 4 14 20 ]
9 = [ 13 14 20 26 27 28 29 30 39 ]
10 = [ 13 14 20 26 27 28 29 30 39 ]
11 = [ ]
12 = [ 13 14 20 26 27 28 29 30 39 ]
13 = [ 13 14 20 26 27 28 29 30 39 ]
14 = [ 13 14 20 26 27 28 29 30 ]
15 = [ 13 14 20 ]
16 = [ 4 20 ]
17 = [ 13 26 27 28 29 30 39 ]
18 = [ 27 ]
19 = [ 4 27 ]
20 = [ 27 ]
21 = [ 27 39 ]
22 = [ 26 27 28 29 30 ]
23 = [ 13 20 ]
24 = [ 4 20 ]
25 = [ 4 13 26 28 29 30 39 ]
26 = [ 4 28 ]
27 = [ 4 28 ]
28 = [ 28 ]
29 = [ 28 39 ]
30 = [ 26 28 29 30 ]
31 = [ 13 20 ]
32 = [ 20 ]
33 = [ 13 26 29 30 39 ]
34 = [ 29 ]
35 = [ 29 ]
36 = [ 29 ]
37 = [ 29 39 ]
38 = [ 26 29 30 ]
39 = [ 13 20 ]
40 = [ 20 ]
41 = [ 13 26 30 39 ]
42 = [ 30 39 ]
43 = [ 30 39 ]
44 = [ 30 39 ]
45 = [ 30 39 ]
46 = [ 26 30 ]
47 = [ 13 20 ]
48 = [ 20 ]
49 = [ 13 26 ]
50 = [ 26 ]
51 = [ 26 ]
52 = [ 26 ]
53 = [ 26 ]
54 = [ 26 ]
55 = [ 13 20 ]
56 = [ 20 ]
57 = [ 13 20 ]
58 = [ 13 20 ]
59 = [ 13 20 ]
60 = [ 13 20 ]
61 = [ 13 20 ]
62 = [ 13 20 ]
63 = [ 13 20 ]
12
0 = [ 5 14 ]
1 = [ 5 14 ]
2 = [ 5 14 ]
3 = [ 5 14 ]
4 = [ 5 14 ]
5 = [ 14 ]
6 = [ 14 ]
7 = [ 14 ]
8 = [ 5 14 20 ]
9 = [ 13 14 20 26 27 28 29 30 39 ]
10 = [ 13 14 20 26 27 28 29 30 39 ]
11 = [ 13 14 20 26 27 28 29 30 39 ]
12 = [ ]
13 = [ 13 14 20 26 27 28 29 30 39 ]
14 = [ 13 14 20 26 27 28 29 30 ]
15 = [ 13 14 20 ]
16 = [ 5 20 ]
17 = [ 13 26 27 28 29 30 39 ]
18 = [ 27 ]
19 = [ 27 ]
20 = [ 5 27 ]
21 = [ 27 39 ]
22 = [ 26 27 28 29 30 ]
23 = [ 13 20 ]
24 = [ 5 20 ]
25 = [ 13 26 28 29 30 39 ]
26 = [ 28 ]
27 = [ 28 ]
28 = [ 5 28 ]
29 = [ 28 39 ]
30 = [ 26 28 29 30 ]
31 = [ 13 20 ]
32 = [ 5 20 ]
33 = [ 5 13 26 29 30 39 ]
34 = [ 5 29 ]
35 = [ 5 29 ]
36 = [ 5 29 ]
37 = [ 29 39 ]
38 = [ 26 29 30 ]
39 = [ 13 20 ]
40 = [ 20 ]
41 = [ 13 26 30 39 ]
42 = [ 30 39 ]
43 = [ 30 39 ]
44 = [ 30 39 ]
45 = [ 30 39 ]
46 = [ 26 30 ]
47 = [ 13 20 ]
48 = [ 20 ]
49 = [ 13 26 ]
50 = [ 26 ]
51 = [ 26 ]
52 = [ 26 ]
53 = [ 26 ]
54 = [ 26 ]
55 = [ 13 20 ]
56 = [ 20 ]
57 = [ 13 20 ]
58 = [ 13 20 ]
59 = [ 13 20 ]
60 = [ 13 20 ]
61 = [ 13 20 ]
62 = [ 13 20 ]
63 = [ 13 20 ]
13
0 = [ 6 14 ]
1 = [ 6 14 ]
2 = [ 6 14 ]
3 = [ 6 14 ]
4 = [ 6 14 ]
5 = [ 6 14 ]
6 = [ 14 ]
7 = [ 14 ]
8 = [ 6 14 20 ]
9 = [ 13 14 20 26 27 28 29 30 39 ]
10 = [ 13 14 20 26 27 28 29 30 39 ]
11 = [ 13 14 20 26 27 28 29 30 39 ]
12 = [ 13 14 20 26 27 28 29 30 39 ]
13 = [ ]
14 = [ 13 14 20 26 27 28 29 30 ]
15 = [ 13 14 20 ]
16 = [ 6 20 ]
17 = [ 13 26 27 28 29 30 39 ]
18 = [ 27 ]
19 = [ 27 ]
20 = [ 27 ]
21 = [ 6 27 39 ]
22 = [ 26 27 28 29 30 ]
23 = [ 13 20 ]
24 = [ 6 20 ]
25 = [ 13 26 28 29 30 39 ]
26 = [ 28 ]
27 = [ 28 ]
28 = [ 28 ]
29 = [ 6 28 39 ]
30 = [ 26 28 29 30 ]
31 = [ 13 20 ]
32 = [ 6 20 ]
33 = [ 13 26 29 30 39 ]
34 = [ 29 ]
35 = [ 29 ]
36 = [ 29 ]
37 = [ 6 29 39 ]
38 = [ 26 29 30 ]
39 = [ 13 20 ]
40 = [ 6 20 ]
41 = [ 6 13 26 30 39 ]
42 = [ 6 30 39 ]
43 = [ 6 30 39 ]
44 = [ 6 30 39 ]
45 = [ 6 30 39 ]
46 = [ 26 30 ]
47 = [ 13 20 ]
48 = [ 20 ]
49 = [ 13 26 ]
50 = [ 26 ]
51 = [ 26 ]
52 = [ 26 ]
53 = [ 26 ]
54 = [ 26 ]
55 = [ 13 20 ]
56 = [ 20 ]
57 = [ 13 20 ]
58 = [ 13 20 ]
59 = [ 13 20 ]
60 = [ 13 20 ]
61 = [ 13 20 ]
62 = [ 13 20 ]
63 = [ 13 20 ]
14
0 = [ 7 14 ]
1 = [ 7 14 ]
2 = [ 7 14 ]
3 = [ 7 14 ]
4 = [ 7 14 ]
5 = [ 7 14 ]
6 = [ 7 14 ]
7 = [ 14 ]
8 = [ 7 14 20 ]
9 = [ 13 14 20 26 27 28 29 30 ]
10 = [ 13 14 20 26 27 28 29 30 ]
11 = [ 13 14 20 26 27 28 29 30 ]
12 = [ 13 14 20 26 27 28 29 30 ]
13 = [ 13 14 20 26 27 28 29 30 ]
14 = [ ]
15 = [ 13 14 20 ]
16 = [ 7 20 ]
17 = [ 13 26 27 28 29 30 ]
18 = [ 27 ]
19 = [ 27 ]
20 = [ 27 ]
21 = [ 27 ]
22 = [ 7 26 27 28 29 30 ]
23 = [ 13 20 ]
24 = [ 7 20 ]
25 = [ 13 26 28 29 30 ]
26 = [ 28 ]
27 = [ 28 ]
28 = [ 28 ]
29 = [ 28 ]
30 = [ 7 26 28 29 30 ]
31 = [ 13 20 ]
32 = [ 7 20 ]
33 = [ 13 26 29 30 ]
34 = [ 29 ]
35 = [ 29 ]
36 = [ 29 ]
37 = [ 29 ]
38 = [ 7 26 29 30 ]
39 = [ 13 20 ]
40 = [ 7 20 ]
41 = [ 13 26 30 ]
42 = [ 30 ]
43 = [ 30 ]
44 = [ 30 ]
45 = [ 30 ]
46 = [ 7 26 30 ]
47 = [ 13 20 ]
48 = [ 7 20 ]
49 = [ 7 13 26 ]
50 = [ 7 26 ]
51 = [ 7 26 ]
52 = [ 7 26 ]
53 = [ 7 26 ]
54 = [ 7 26 ]
55 = [ 13 20 ]
56 = [ 20 ]
57 = [ 13 20 ]
58 = [ 13 20 ]
59 = [ 13 20 ]
60 = [ 13 20 ]
61 = [ 13 20 ]
62 = [ 13 20 ]
63 = [ 13 20 ]
15
0 = [ 1 14 15 16 17 18 19 ]
1 = [ 1 14 15 16 17 18 19 ]
2 = [ 1 14 15 16 17 18 19 ]
3 = [ 1 14 15 16 17 18 19 ]
4 = [ 1 14 15 16 17 18 19 ]
5 = [ 1 14 15 16 17 18 19 ]
6 = [ 1 14 15 16 17 18 19 ]
7 = [ 1 14 15 16 17 18 19 ]
8 = [ 1 14 15 16 17 18 19 20 ]
9 = [ 13 14 20 ]
10 = [ 13 14 20 ]
11 = [ 13 14 20 ]
12 = [ 13 14 20 ]
13 = [ 13 14 20 ]
14 = [ 13 14 20 ]
15 = [ ]
16 = [ 1 15 16 17 18 19 20 ]
17 = [ 13 15 ]
18 = [ 15 ]
19 = [ 15 ]
20 = [ 15 ]
21 = [ 15 ]
22 = [ 15 ]
23 = [ 1 13 15 16 17 18 19 20 ]
24 = [ 1 16 17 18 19 20 ]
25 = [ 13 16 ]
26 = [ 16 ]
27 = [ 16 ]
28 = [ 16 ]
29 = [ 16 ]
30 = [ 16 ]
31 = [ 1 13 16 17 18 19 20 ]
32 = [ 1 17 18 19 20 ]
33 = [ 13 17 ]
34 = [ 17 ]
35 = [ 17 ]
36 = [ 17 ]
37 = [ 17 ]
38 = [ 17 ]
39 = [ 1 13 17 18 19 20 ]
40 = [ 1 18 19 20 ]
41 = [ 13 18 ]
42 = [ 18 ]
43 = [ 18 ]
44 = [ 18 ]
45 = [ 18 ]
46 = [ 18 ]
47 = [ 1 13 18 19 20 ]
48 = [ 1 19 20 ]
49 = [ 13 19 ]
50 = [ 19 ]
51 = [ 19 ]
52 = [ 19 ]
53 = [ 19 ]
54 = [ 19 ]
55 = [ 1 13 19 20 ]
56 = [ 1 20 ]
57 = [ 1 13 20 ]
58 = [ 1 13 20 ]
59 = [ 1 13 20 ]
60 = [ 1 13 20 ]
61 = [ 1 13 20 ]
62 = [ 1 13 20 ]
63 = [ 1 13 20 ]
16
0 = [ 1 3 4 5 6 7 15 16 17 18 19 ]
1 = [ 1 3 4 5 6 7 15 16 17 18 19 ]
2 = [ 1 3 4 5 6 7 15 16 17 18 19 ]
3 = [ 1 4 5 6 7 15 16 17 18 19 ]
4 = [ 1 5 6 7 15 16 17 18 19 ]
5 = [ 1 6 7 15 16 17 18 19 ]
6 = [ 1 7 15 16 17 18 19 ]
7 = [ 1 15 16 17 18 19 ]
8 = [ 1 3 4 5 6 7 15 16 17 18 19 20 ]
9 = [ 20 ]
10 = [ 3 20 ]
11 = [ 4 20 ]
12 = [ 5 20 ]
13 = [ 6 20 ]
14 = [ 7 20 ]
15 = [ 1 15 16 17 18 19 20 ]
16 = [ ]
17 = [ 3 15 21 ]
18 = [ 3 15 21 ]
19 = [ 4 15 21 ]
20 = [ 5 15 21 ]
21 = [ 6 15 21 ]
22 = [ 7 15 21 ]
23 = [ 1 15 16 17 18 19 20 21 ]
24 = [ 1 4 5 6 7 16 17 18 19 20 21 ]
25 = [ 4 16 ]
26 = [ 4 16 ]
27 = [ 4 16 ]
28 = [ 5 16 ]
29 = [ 6 16 ]
30 = [ 7 16 ]
31 = [ 1 16 17 18 19 20 21 ]
32 = [ 1 5 6 7 17 18 19 20 21 ]
33 = [ 5 17 ]
34 = [ 5 17 ]
35 = [ 5 17 ]
36 = [ 5 17 ]
37 = [ 6 17 ]
38 = [ 7 17 ]
39 = [ 1 17 18 19 20 21 ]
40 = [ 1 6 7 18 19 20 21 ]
41 = [ 6 18 ]
42 = [ 6 18 ]
43 = [ 6 18 ]
44 = [ 6 18 ]
45 = [ 6 18 ]
46 = [ 7 18 ]
47 = [ 1 18 19 20 21 ]
48 = [ 1 7 19 20 21 ]
49 = [ 7 19 ]
50 = [ 7 19 ]
51 = [ 7 19 ]
52 = [ 7 19 ]
53 = [ 7 19 ]
54 = [ 7 19 ]
55 = [ 1 19 20 21 ]
56 = [ 1 20 21 ]
57 = [ 1 20 21 ]
58 = [ 1 20 21 ]
59 = [ 1 20 21 ]
60 = [ 1 20 21 ]
61 = [ 1 20 21 ]
62 = [ 1 20 21 ]
63 = [ 1 20 21 ]
17
0 = [ 3 15 ]
1 = [ 3 15 ]
2 = [ 3 15 ]
3 = [ 15 ]
4 = [ 15 ]
5 = [ 15 ]
6 = [ 15 ]
7 = [ 15 ]
8 = [ 3 15 ]
9 = [ 13 26 27 28 29 30 39 ]
10 = [ 3 13 26 27 28 29 30 39 ]
11 = [ 13 26 27 28 29 30 39 ]
12 = [ 13 26 27 28 29 30 39 ]
13 = [ 13 26 27 28 29 30 39 ]
14 = [ 13 26 27 28 29 30 ]
15 = [ 13 15 ]
16 = [ 3 15 21 ]
17 = [ ]
18 = [ 3 15 21 27 31 ]
19 = [ 15 21 27 31 ]
20 = [ 15 21 27 31 ]
21 = [ 15 21 27 31 39 ]
22 = [ 15 21 26 27 28 29 30 31 ]
23 = [ 13 15 21 ]
24 = [ 21 ]
25 = [ 13 26 28 29 30 31 39 ]
26 = [ 28 ]
27 = [ 28 ]
28 = [ 28 ]
29 = [ 28 39 ]
30 = [ 26 28 29 30 31 ]
31 = [ 13 21 ]
32 = [ 21 ]
33 = [ 13 26 29 30 31 39 ]
34 = [ 29 ]
35 = [ 29 ]
36 = [ 29 ]
37 = [ 29 39 ]
38 = [ 26 29 30 31 ]
39 = [ 13 21 ]
40 = [ 21 ]
41 = [ 13 26 30 31 39 ]
42 = [ 30 39 ]
43 = [ 30 39 ]
44 = [ 30 39 ]
45 = [ 30 39 ]
46 = [ 26 30 31 ]
47 = [ 13 21 ]
48 = [ 21 ]
49 = [ 13 26 31 ]
50 = [ 26 31 ]
51 = [ 26 31 ]
52 = [ 26 31 ]
53 = [ 26 31 ]
54 = [ 26 31 ]
55 = [ 13 21 ]
56 = [ 21 ]
57 = [ 13 21 ]
58 = [ 13 21 ]
59 = [ 13 21 ]
60 = [ 13 21 ]
61 = [ 13 21 ]
62 = [ 13 21 ]
63 = [ 13 21 ]
18
0 = [ 3 15 ]
1 = [ 3 15 ]
2 = [ 3 15 ]
3 = [ 15 ]
4 = [ 15 ]
5 = [ 15 ]
6 = [ 15 ]
7 = [ 15 ]
8 = [ 3 15 ]
9 = [ 27 ]
10 = [ 3 27 ]
11 = [ 27 ]
12 = [ 27 ]
13 = [ 27 ]
14 = [ 27 ]
15 = [ 15 ]
16 = [ 3 15 21 ]
17 = [ 3 15 21 27 31 ]
18 = [ ]
19 = [ 12 15 21 27 31 35 36 37 38 40 41 ]
20 = [ 12 15 21 27 31 35 37 38 40 41 ]
21 = [ 12 15 21 27 31 35 38 40 41 ]
22 = [ 12 15 21 27 31 ]
23 = [ 12 15 21 ]
24 = [ 21 ]
25 = [ 31 ]
26 = [ 12 35 36 37 38 40 41 ]
27 = [ 36 40 ]
28 = [ 37 40 ]
29 = [ 35 38 40 41 ]
30 = [ 31 ]
31 = [ 12 21 ]
32 = [ 21 ]
33 = [ 31 ]
34 = [ 12 35 37 38 41 ]
35 = [ 37 41 ]
36 = [ 37 41 ]
37 = [ 35 38 41 ]
38 = [ 31 ]
39 = [ 12 21 ]
40 = [ 21 ]
41 = [ 31 ]
42 = [ 12 35 38 ]
43 = [ 35 38 ]
44 = [ 35 38 ]
45 = [ 35 38 ]
46 = [ 31 ]
47 = [ 12 21 ]
48 = [ 21 ]
49 = [ 31 ]
50 = [ 12 31 ]
51 = [ 31 ]
52 = [ 31 ]
53 = [ 31 ]
54 = [ 31 ]
55 = [ 12 21 ]
56 = [ 21 ]
57 = [ 21 ]
58 = [ 12 21 ]
59 = [ 12 21 ]
60 = [ 12 21 ]
61 = [ 12 21 ]
62 = [ 12 21 ]
63 = [ 12 21 ]
19
0 = [ 4 15 ]
1 = [ 4 15 ]
2 = [ 4 15 ]
3 = [ 4 15 ]
4 = [ 15 ]
5 = [ 15 ]
6 = [ 15 ]
7 = [ 15 ]
8 = [ 4 15 ]
9 = [ 27 ]
10 = [ 27 ]
11 = [ 4 27 ]
12 = [ 27 ]
13 = [ 27 ]
14 = [ 27 ]
15 = [ 15 ]
16 = [ 4 15 21 ]
17 = [ 15 21 27 31 ]
18 = [ 12 15 21 27 31 35 36 37 38 40 41 ]
19 = [ ]
20 = [ 12 15 21 27 31 35 37 38 40 41 ]
21 = [ 12 15 21 27 31 35 38 40 41 ]
22 = [ 12 15 21 27 31 ]
23 = [ 12 15 21 ]
24 = [ 4 21 ]
25 = [ 4 31 ]
26 = [ 4 12 35 36 37 38 40 41 ]
27 = [ 4 36 40 ]
28 = [ 37 40 ]
29 = [ 35 38 40 41 ]
30 = [ 31 ]
31 = [ 12 21 ]
32 = [ 21 ]
33 = [ 31 ]
34 = [ 12 35 37 38 41 ]
35 = [ 37 41 ]
36 = [ 37 41 ]
37 = [ 35 38 41 ]
38 = [ 31 ]
39 = [ 12 21 ]
40 = [ 21 ]
41 = [ 31 ]
42 = [ 12 35 38 ]
43 = [ 35 38 ]
44 = [ 35 38 ]
45 = [ 35 38 ]
46 = [ 31 ]
47 = [ 12 21 ]
48 = [ 21 ]
49 = [ 31 ]
50 = [ 12 31 ]
51 = [ 31 ]
52 = [ 31 ]
53 = [ 31 ]
54 = [ 31 ]
55 = [ 12 21 ]
56 = [ 21 ]
57 = [ 21 ]
58 = [ 12 21 ]
59 = [ 12 21 ]
60 = [ 12 21 ]
61 = [ 12 21 ]
62 = [ 12 21 ]
63 = [ 12 21 ]
20
0 = [ 5 15 ]
1 = [ 5 15 ]
2 = [ 5 15 ]
3 = [ 5 15 ]
4 = [ 5 15 ]
5 = [ 15 ]
6 = [ 15 ]
7 = [ 15 ]
8 = [ 5 15 ]
9 = [ 27 ]
10 = [ 27 ]
11 = [ 27 ]
12 = [ 5 27 ]
13 = [ 27 ]
14 = [ 27 ]
15 = [ 15 ]
16 = [ 5 15 21 ]
17 = [ 15 21 27 31 ]
18 = [ 12 15 21 27 31 35 37 38 40 41 ]
19 = [ 12 15 21 27 31 35 37 38 40 41 ]
20 = [ ]
21 = [ 12 15 21 27 31 35 38 40 41 ]
22 = [ 12 15 21 27 31 ]
23 = [ 12 15 21 ]
24 = [ 5 21 ]
25 = [ 31 ]
26 = [ 12 35 37 38 40 41 ]
27 = [ 40 ]
28 = [ 5 37 40 ]
29 = [ 35 38 40 41 ]
30 = [ 31 ]
31 = [ 12 21 ]
32 = [ 5 21 ]
33 = [ 5 31 ]
34 = [ 5 12 35 37 38 41 ]
35 = [ 5 37 41 ]
36 = [ 5 37 41 ]
37 = [ 35 38 41 ]
38 = [ 31 ]
39 = [ 12 21 ]
40 = [ 21 ]
41 = [ 31 ]
42 = [ 12 35 38 ]
43 = [ 35 38 ]
44 = [ 35 38 ]
45 = [ 35 38 ]
46 = [ 31 ]
47 = [ 12 21 ]
48 = [ 21 ]
49 = [ 31 ]
50 = [ 12 31 ]
51 = [ 31 ]
52 = [ 31 ]
53 = [ 31 ]
54 = [ 31 ]
55 = [ 12 21 ]
56 = [ 21 ]
57 = [ 21 ]
58 = [ 12 21 ]
59 = [ 12 21 ]
60 = [ 12 21 ]
61 = [ 12 21 ]
62 = [ 12 21 ]
63 = [ 12 21 ]
21
0 = [ 6 15 ]
1 = [ 6 15 ]
2 = [ 6 15 ]
3 = [ 6 15 ]
4 = [ 6 15 ]
5 = [ 6 15 ]
6 = [ 15 ]
7 = [ 15 ]
8 = [ 6 15 ]
9 = [ 27 39 ]
10 = [ 27 39 ]
11 = [ 27 39 ]
12 = [ 27 39 ]
13 = [ 6 27 39 ]
14 = [ 27 ]
15 = [ 15 ]
16 = [ 6 15 21 ]
17 = [ 15 21 27 31 39 ]
18 = [ 12 15 21 27 31 35 38 40 41 ]
19 = [ 12 15 21 27 31 35 38 40 41 ]
20 = [ 12 15 21 27 31 35 38 40 41 ]
21 = [ ]
22 = [ 12 15 21 27 31 ]
23 = [ 12 15 21 ]
24 = [ 6 21 ]
25 = [ 31 39 ]
26 = [ 12 35 38 40 41 ]
27 = [ 40 ]
28 = [ 40 ]
29 = [ 6 35 38 39 40 41 ]
30 = [ 31 ]
31 = [ 12 21 ]
32 = [ 6 21 ]
33 = [ 31 39 ]
34 = [ 12 35 38 41 ]
35 = [ 41 ]
36 = [ 41 ]
37 = [ 6 35 38 39 41 ]
38 = [ 31 ]
39 = [ 12 21 ]
40 = [ 6 21 ]
41 = [ 6 31 39 ]
42 = [ 6 12 35 38 39 ]
43 = [ 6 35 38 39 ]
44 = [ 6 35 38 39 ]
45 = [ 6 35 38 39 ]
46 = [ 31 ]
47 = [ 12 21 ]
48 = [ 21 ]
49 = [ 31 ]
50 = [ 12 31 ]
51 = [ 31 ]
52 = [ 31 ]
53 = [ 31 ]
54 = [ 31 ]
55 = [ 12 21 ]
56 = [ 21 ]
57 = [ 21 ]
58 = [ 12 21 ]
59 = [ 12 21 ]
60 = [ 12 21 ]
61 = [ 12 21 ]
62 = [ 12 21 ]
63 = [ 12 21 ]
22
0 = [ 7 15 ]
1 = [ 7 15 ]
2 = [ 7 15 ]
3 = [ 7 15 ]
4 = [ 7 15 ]
5 = [ 7 15 ]
6 = [ 7 15 ]
7 = [ 15 ]
8 = [ 7 15 ]
9 = [ 26 27 28 29 30 ]
10 = [ 26 27 28 29 30 ]
11 = [ 26 27 28 29 30 ]
12 = [ 26 27 28 29 30 ]
13 = [ 26 27 28 29 30 ]
14 = [ 7 26 27 28 29 30 ]
15 = [ 15 ]
16 = [ 7 15 21 ]
17 = [ 15 21 26 27 28 29 30 31 ]
18 = [ 12 15 21 27 31 ]
19 = [ 12 15 21 27 31 ]
20 = [ 12 15 21 27 31 ]
21 = [ 12 15 21 27 31 ]
22 = [ ]
23 = [ 12 15 21 ]
24 = [ 7 21 ]
25 = [ 26 28 29 30 31 ]
26 = [ 12 28 ]
27 = [ 28 ]
28 = [ 28 ]
29 = [ 28 ]
30 = [ 7 26 28 29 30 31 ]
31 = [ 12 21 ]
32 = [ 7 21 ]
33 = [ 26 29 30 31 ]
34 = [ 12 29 ]
35 = [ 29 ]
36 = [ 29 ]
37 = [ 29 ]
38 = [ 7 26 29 30 31 ]
39 = [ 12 21 ]
40 = [ 7 21 ]
41 = [ 26 30 31 ]
42 = [ 12 30 ]
43 = [ 30 ]
44 = [ 30 ]
45 = [ 30 ]
46 = [ 7 26 30 31 ]
47 = [ 12 21 ]
48 = [ 7 21 ]
49 = [ 7 26 31 ]
50 = [ 7 12 26 31 ]
51 = [ 7 26 31 ]
52 = [ 7 26 31 ]
53 = [ 7 26 31 ]
54 = [ 7 26 31 ]
55 = [ 12 21 ]
56 = [ 21 ]
57 = [ 21 ]
58 = [ 12 21 ]
59 = [ 12 21 ]
60 = [ 12 21 ]
61 = [ 12 21 ]
62 = [ 12 21 ]
63 = [ 12 21 ]
23
0 = [ 1 15 16 17 18 19 ]
1 = [ 1 15 16 17 18 19 ]
2 = [ 1 15 16 17 18 19 ]
3 = [ 1 15 16 17 18 19 ]
4 = [ 1 15 16 17 18 19 ]
5 = [ 1 15 16 17 18 19 ]
6 = [ 1 15 16 17 18 19 ]
7 = [ 1 15 16 17 18 19 ]
8 = [ 1 15 16 17 18 19 20 ]
9 = [ 13 20 ]
10 = [ 13 20 ]
11 = [ 13 20 ]
12 = [ 13 20 ]
13 = [ 13 20 ]
14 = [ 13 20 ]
15 = [ 1 13 15 16 17 18 19 20 ]
16 = [ 1 15 16 17 18 19 20 21 ]
17 = [ 13 15 21 ]
18 = [ 12 15 21 ]
19 = [ 12 15 21 ]
20 = [ 12 15 21 ]
21 = [ 12 15 21 ]
22 = [ 12 15 21 ]
23 = [ ]
24 = [ 1 16 17 18 19 20 21 ]
25 = [ 13 16 ]
26 = [ 12 16 ]
27 = [ 16 ]
28 = [ 16 ]
29 = [ 16 ]
30 = [ 16 ]
31 = [ 1 12 13 16 17 18 19 20 21 ]
32 = [ 1 17 18 19 20 21 ]
33 = [ 13 17 ]
34 = [ 12 17 ]
35 = [ 17 ]
36 = [ 17 ]
37 = [ 17 ]
38 = [ 17 ]
39 = [ 1 12 13 17 18 19 20 21 ]
40 = [ 1 18 19 20 21 ]
41 = [ 13 18 ]
42 = [ 12 18 ]
43 = [ 18 ]
44 = [ 18 ]
45 = [ 18 ]
46 = [ 18 ]
47 = [ 1 12 13 18 19 20 21 ]
48 = [ 1 19 20 21 ]
49 = [ 13 19 ]
50 = [ 12 19 ]
51 = [ 19 ]
52 = [ 19 ]
53 = [ 19 ]
54 = [ 19 ]
55 = [ 1 12 13 19 20 21 ]
56 = [ 1 20 21 ]
57 = [ 1 13 20 21 ]
58 = [ 1 12 13 20 21 ]
59 = [ 1 12 13 20 21 ]
60 = [ 1 12 13 20 21 ]
61 = [ 1 12 13 20 21 ]
62 = [ 1 12 13 20 21 ]
63 = [ 1 12 13 20 21 ]
24
0 = [ 1 4 5 6 7 16 17 18 19 ]
1 = [ 1 4 5 6 7 16 17 18 19 ]
2 = [ 1 4 5 6 7 16 17 18 19 ]
3 = [ 1 4 5 6 7 16 17 18 19 ]
4 = [ 1 5 6 7 16 17 18 19 ]
5 = [ 1 6 7 16 17 18 19 ]
6 = [ 1 7 16 17 18 19 ]
7 = [ 1 16 17 18 19 ]
8 = [ 1 4 5 6 7 16 17 18 19 20 ]
9 = [ 20 ]
10 = [ 20 ]
11 = [ 4 20 ]
12 = [ 5 20 ]
13 = [ 6 20 ]
14 = [ 7 20 ]
15 = [ 1 16 17 18 19 20 ]
16 = [ 1 4 5 6 7 16 17 18 19 20 21 ]
17 = [ 21 ]
18 = [ 21 ]
19 = [ 4 21 ]
20 = [ 5 21 ]
21 = [ 6 21 ]
22 = [ 7 21 ]
23 = [ 1 16 17 18 19 20 21 ]
24 = [ ]
25 = [ 4 16 22 ]
26 = [ 4 16 22 ]
27 = [ 4 16 22 ]
28 = [ 5 16 22 ]
29 = [ 6 16 22 ]
30 = [ 7 16 22 ]
31 = [ 1 16 17 18 19 20 21 22 ]
32 = [ 1 5 6 7 17 18 19 20 21 22 ]
33 = [ 5 17 ]
34 = [ 5 17 ]
35 = [ 5 17 ]
36 = [ 5 17 ]
37 = [ 6 17 ]
38 = [ 7 17 ]
39 = [ 1 17 18 19 20 21 22 ]
40 = [ 1 6 7 18 19 20 21 22 ]
41 = [ 6 18 ]
42 = [ 6 18 ]
43 = [ 6 18 ]
44 = [ 6 18 ]
45 = [ 6 18 ]
46 = [ 7 18 ]
47 = [ 1 18 19 20 21 22 ]
48 = [ 1 7 19 20 21 22 ]
49 = [ 7 19 ]
50 = [ 7 19 ]
51 = [ 7 19 ]
52 = [ 7 19 ]
53 = [ 7 19 ]
54 = [ 7 19 ]
55 = [ 1 19 20 21 22 ]
56 = [ 1 20 21 22 ]
57 = [ 1 20 21 22 ]
58 = [ 1 20 21 22 ]
59 = [ 1 20 21 22 ]
60 = [ 1 20 21 22 ]
61 = [ 1 20 21 22 ]
62 = [ 1 20 21 22 ]
63 = [ 1 20 21 22 ]
25
0 = [ 4 16 ]
1 = [ 4 16 ]
2 = [ 4 16 ]
3 = [ 4 16 ]
4 = [ 16 ]
5 = [ 16 ]
6 = [ 16 ]
7 = [ 16 ]
8 = [ 4 16 ]
9 = [ 13 26 28 29 30 39 ]
10 = [ 13 26 28 29 30 39 ]
11 = [ 4 13 26 28 29 30 39 ]
12 = [ 13 26 28 29 30 39 ]
13 = [ 13 26 28 29 30 39 ]
14 = [ 13 26 28 29 30 ]
15 = [ 13 16 ]
16 = [ 4 16 ]
17 = [ 13 26 28 29 30 31 39 ]
18 = [ 31 ]
19 = [ 4 31 ]
20 = [ 31 ]
21 = [ 31 39 ]
22 = [ 26 28 29 30 31 ]
23 = [ 13 16 ]
24 = [ 4 16 22 ]
25 = [ ]
26 = [ 4 16 22 28 32 ]
27 = [ 4 16 22 28 32 ]
28 = [ 16 22 28 32 ]
29 = [ 16 22 28 32 39 ]
30 = [ 16 22 26 28 29 30 31 32 ]
31 = [ 13 16 22 ]
32 = [ 22 ]
33 = [ 13 26 29 30 31 32 39 ]
34 = [ 29 ]
35 = [ 29 ]
36 = [ 29 ]
37 = [ 29 39 ]
38 = [ 26 29 30 31 32 ]
39 = [ 13 22 ]
40 = [ 22 ]
41 = [ 13 26 30 31 32 39 ]
42 = [ 30 39 ]
43 = [ 30 39 ]
44 = [ 30 39 ]
45 = [ 30 39 ]
46 = [ 26 30 31 32 ]
47 = [ 13 22 ]
48 = [ 22 ]
49 = [ 13 26 31 32 ]
50 = [ 26 31 32 ]
51 = [ 26 31 32 ]
52 = [ 26 31 32 ]
53 = [ 26 31 32 ]
54 = [ 26 31 32 ]
55 = [ 13 22 ]
56 = [ 22 ]
57 = [ 13 22 ]
58 = [ 13 22 ]
59 = [ 13 22 ]
60 = [ 13 22 ]
61 = [ 13 22 ]
62 = [ 13 22 ]
63 = [ 13 22 ]
26
0 = [ 4 16 ]
1 = [ 4 16 ]
2 = [ 4 16 ]
3 = [ 4 16 ]
4 = [ 16 ]
5 = [ 16 ]
6 = [ 16 ]
7 = [ 16 ]
8 = [ 4 16 ]
9 = [ 28 ]
10 = [ 28 ]
11 = [ 4 28 ]
12 = [ 28 ]
13 = [ 28 ]
14 = [ 28 ]
15 = [ 16 ]
16 = [ 4 16 ]
17 = [ 28 ]
18 = [ 12 35 36 37 38 40 41 ]
19 = [ 4 12 35 36 37 38 40 41 ]
20 = [ 12 35 37 38 40 41 ]
21 = [ 12 35 38 40 41 ]
22 = [ 12 28 ]
23 = [ 12 16 ]
24 = [ 4 16 22 ]
25 = [ 4 16 22 28 32 ]
26 = [ ]
27 = [ 4 16 22 28 32 36 40 42 ]
28 = [ 16 22 28 32 37 40 42 ]
29 = [ 16 22 28 32 35 38 40 41 42 ]
30 = [ 16 22 28 32 ]
31 = [ 12 16 22 ]
32 = [ 22 ]
33 = [ 32 ]
34 = [ 12 35 37 38 41 42 ]
35 = [ 37 41 ]
36 = [ 37 41 ]
37 = [ 35 38 41 42 ]
38 = [ 32 ]
39 = [ 12 22 ]
40 = [ 22 ]
41 = [ 32 ]
42 = [ 12 35 38 42 ]
43 = [ 35 38 42 ]
44 = [ 35 38 42 ]
45 = [ 35 38 42 ]
46 = [ 32 ]
47 = [ 12 22 ]
48 = [ 22 ]
49 = [ 32 ]
50 = [ 12 32 ]
51 = [ 32 ]
52 = [ 32 ]
53 = [ 32 ]
54 = [ 32 ]
55 = [ 12 22 ]
56 = [ 22 ]
57 = [ 22 ]
58 = [ 12 22 ]
59 = [ 12 22 ]
60 = [ 12 22 ]
61 = [ 12 22 ]
62 = [ 12 22 ]
63 = [ 12 22 ]
27
0 = [ 4 16 ]
1 = [ 4 16 ]
2 = [ 4 16 ]
3 = [ 4 16 ]
4 = [ 16 ]
5 = [ 16 ]
6 = [ 16 ]
7 = [ 16 ]
8 = [ 4 16 ]
9 = [ 28 ]
10 = [ 28 ]
11 = [ 4 28 ]
12 = [ 28 ]
13 = [ 28 ]
14 = [ 28 ]
15 = [ 16 ]
16 = [ 4 16 ]
17 = [ 28 ]
18 = [ 36 40 ]
19 = [ 4 36 40 ]
20 = [ 40 ]
21 = [ 40 ]
22 = [ 28 ]
23 = [ 16 ]
24 = [ 4 16 22 ]
25 = [ 4 16 22 28 32 ]
26 = [ 4 16 22 28 32 36 40 42 ]
27 = [ ]
28 = [ 11 16 22 28 32 40 42 44 45 ]
29 = [ 11 16 22 28 32 40 42 ]
30 = [ 11 16 22 28 32 ]
31 = [ 11 16 22 ]
32 = [ 22 ]
33 = [ 32 ]
34 = [ 42 ]
35 = [ 11 44 45 ]
36 = [ 44 45 ]
37 = [ 42 ]
38 = [ 32 ]
39 = [ 11 22 ]
40 = [ 22 ]
41 = [ 32 ]
42 = [ 42 ]
43 = [ 11 42 ]
44 = [ 42 ]
45 = [ 42 ]
46 = [ 32 ]
47 = [ 11 22 ]
48 = [ 22 ]
49 = [ 32 ]
50 = [ 32 ]
51 = [ 11 32 ]
52 = [ 32 ]
53 = [ 32 ]
54 = [ 32 ]
55 = [ 11 22 ]
56 = [ 22 ]
57 = [ 22 ]
58 = [ 22 ]
59 = [ 11 22 ]
60 = [ 11 22 ]
61 = [ 11 22 ]
62 = [ 11 22 ]
63 = [ 11 22 ]
28
0 = [ 5 16 ]
1 = [ 5 16 ]
2 = [ 5 16 ]
3 = [ 5 16 ]
4 = [ 5 16 ]
5 = [ 16 ]
6 = [ 16 ]
7 = [ 16 ]
8 = [ 5 16 ]
9 = [ 28 ]
10 = [ 28 ]
11 = [ 28 ]
12 = [ 5 28 ]
13 = [ 28 ]
14 = [ 28 ]
15 = [ 16 ]
16 = [ 5 16 ]
17 = [ 28 ]
18 = [ 37 40 ]
19 = [ 37 40 ]
20 = [ 5 37 40 ]
21 = [ 40 ]
22 = [ 28 ]
23 = [ 16 ]
24 = [ 5 16 22 ]
25 = [ 16 22 28 32 ]
26 = [ 16 22 28 32 37 40 42 ]
27 = [ 11 16 22 28 32 40 42 44 45 ]
28 = [ ]
29 = [ 11 16 22 28 32 40 42 ]
30 = [ 11 16 22 28 32 ]
31 = [ 11 16 22 ]
32 = [ 5 22 ]
33 = [ 5 32 ]
34 = [ 5 37 42 ]
35 = [ 5 11 37 44 45 ]
36 = [ 5 37 44 45 ]
37 = [ 42 ]
38 = [ 32 ]
39 = [ 11 22 ]
40 = [ 22 ]
41 = [ 32 ]
42 = [ 42 ]
43 = [ 11 42 ]
44 = [ 42 ]
45 = [ 42 ]
46 = [ 32 ]
47 = [ 11 22 ]
48 = [ 22 ]
49 = [ 32 ]
50 = [ 32 ]
51 = [ 11 32 ]
52 = [ 32 ]
53 = [ 32 ]
54 = [ 32 ]
55 = [ 11 22 ]
56 = [ 22 ]
57 = [ 22 ]
58 = [ 22 ]
59 = [ 11 22 ]
60 = [ 11 22 ]
61 = [ 11 22 ]
62 = [ 11 22 ]
63 = [ 11 22 ]
29
0 = [ 6 16 ]
1 = [ 6 16 ]
2 = [ 6 16 ]
3 = [ 6 16 ]
4 = [ 6 16 ]
5 = [ 6 16 ]
6 = [ 16 ]
7 = [ 16 ]
8 = [ 6 16 ]
9 = [ 28 39 ]
10 = [ 28 39 ]
11 = [ 28 39 ]
12 = [ 28 39 ]
13 = [ 6 28 39 ]
14 = [ 28 ]
15 = [ 16 ]
16 = [ 6 16 ]
17 = [ 28 39 ]
18 = [ 35 38 40 41 ]
19 = [ 35 38 40 41 ]
20 = [ 35 38 40 41 ]
21 = [ 6 35 38 39 40 41 ]
22 = [ 28 ]
23 = [ 16 ]
24 = [ 6 16 22 ]
25 = [ 16 22 28 32 39 ]
26 = [ 16 22 28 32 35 38 40 41 42 ]
27 = [ 11 16 22 28 32 40 42 ]
28 = [ 11 16 22 28 32 40 42 ]
29 = [ ]
30 = [ 11 16 22 28 32 ]
31 = [ 11 16 22 ]
32 = [ 6 22 ]
33 = [ 32 39 ]
34 = [ 35 38 41 42 ]
35 = [ 11 41 ]
36 = [ 41 ]
37 = [ 6 35 38 39 41 42 ]
38 = [ 32 ]
39 = [ 11 22 ]
40 = [ 6 22 ]
41 = [ 6 32 39 ]
42 = [ 6 35 38 39 42 ]
43 = [ 6 11 35 38 39 42 ]
44 = [ 6 35 38 39 42 ]
45 = [ 6 35 38 39 42 ]
46 = [ 32 ]
47 = [ 11 22 ]
48 = [ 22 ]
49 = [ 32 ]
50 = [ 32 ]
51 = [ 11 32 ]
52 = [ 32 ]
53 = [ 32 ]
54 = [ 32 ]
55 = [ 11 22 ]
56 = [ 22 ]
57 = [ 22 ]
58 = [ 22 ]
59 = [ 11 22 ]
60 = [ 11 22 ]
61 = [ 11 22 ]
62 = [ 11 22 ]
63 = [ 11 22 ]
30
0 = [ 7 16 ]
1 = [ 7 16 ]
2 = [ 7 16 ]
3 = [ 7 16 ]
4 = [ 7 16 ]
5 = [ 7 16 ]
6 = [ 7 16 ]
7 = [ 16 ]
8 = [ 7 16 ]
9 = [ 26 28 29 30 ]
10 = [ 26 28 29 30 ]
11 = [ 26 28 29 30 ]
12 = [ 26 28 29 30 ]
13 = [ 26 28 29 30 ]
14 = [ 7 26 28 29 30 ]
15 = [ 16 ]
16 = [ 7 16 ]
17 = [ 26 28 29 30 31 ]
18 = [ 31 ]
19 = [ 31 ]
20 = [ 31 ]
21 = [ 31 ]
22 = [ 7 26 28 29 30 31 ]
23 = [ 16 ]
24 = [ 7 16 22 ]
25 = [ 16 22 26 28 29 30 31 32 ]
26 = [ 16 22 28 32 ]
27 = [ 11 16 22 28 32 ]
28 = [ 11 16 22 28 32 ]
29 = [ 11 16 22 28 32 ]
30 = [ ]
31 = [ 11 16 22 ]
32 = [ 7 22 ]
33 = [ 26 29 30 31 32 ]
34 = [ 29 ]
35 = [ 11 29 ]
36 = [ 29 ]
37 = [ 29 ]
38 = [ 7 26 29 30 31 32 ]
39 = [ 11 22 ]
40 = [ 7 22 ]
41 = [ 26 30 31 32 ]
42 = [ 30 ]
43 = [ 11 30 ]
44 = [ 30 ]
45 = [ 30 ]
46 = [ 7 26 30 31 32 ]
47 = [ 11 22 ]
48 = [ 7 22 ]
49 = [ 7 26 31 32 ]
50 = [ 7 26 31 32 ]
51 = [ 7 11 26 31 32 ]
52 = [ 7 26 31 32 ]
53 = [ 7 26 31 32 ]
54 = [ 7 26 31 32 ]
55 = [ 11 22 ]
56 = [ 22 ]
57 = [ 22 ]
58 = [ 22 ]
59 = [ 11 22 ]
60 = [ 11 22 ]
61 = [ 11 22 ]
62 = [ 11 22 ]
63 = [ 11 22 ]
31
0 = [ 1 16 17 18 19 ]
1 = [ 1 16 17 18 19 ]
2 = [ 1 16 17 18 19 ]
3 = [ 1 16 17 18 19 ]
4 = [ 1 16 17 18 19 ]
5 = [ 1 16 17 18 19 ]
6 = [ 1 16 17 18 19 ]
7 = [ 1 16 17 18 19 ]
8 = [ 1 16 17 18 19 20 ]
9 = [ 13 20 ]
10 = [ 13 20 ]
11 = [ 13 20 ]
12 = [ 13 20 ]
13 = [ 13 20 ]
14 = [ 13 20 ]
15 = [ 1 13 16 17 18 19 20 ]
16 = [ 1 16 17 18 19 20 21 ]
17 = [ 13 21 ]
18 = [ 12 21 ]
19 = [ 12 21 ]
20 = [ 12 21 ]
21 = [ 12 21 ]
22 = [ 12 21 ]
23 = [ 1 12 13 16 17 18 19 20 21 ]
24 = [ 1 16 17 18 19 20 21 22 ]
25 = [ 13 16 22 ]
26 = [ 12 16 22 ]
27 = [ 11 16 22 ]
28 = [ 11 16 22 ]
29 = [ 11 16 22 ]
30 = [ 11 16 22 ]
31 = [ ]
32 = [ 1 17 18 19 20 21 22 ]
33 = [ 13 17 ]
34 = [ 12 17 ]
35 = [ 11 17 ]
36 = [ 17 ]
37 = [ 17 ]
38 = [ 17 ]
39 = [ 1 11 12 13 17 18 19 20 21 22 ]
40 = [ 1 18 19 20 21 22 ]
41 = [ 13 18 ]
42 = [ 12 18 ]
43 = [ 11 18 ]
44 = [ 18 ]
45 = [ 18 ]
46 = [ 18 ]
47 = [ 1 11 12 13 18 19 20 21 22 ]
48 = [ 1 19 20 21 22 ]
49 = [ 13 19 ]
50 = [ 12 19 ]
51 = [ 11 19 ]
52 = [ 19 ]
53 = [ 19 ]
54 = [ 19 ]
55 = [ 1 11 12 13 19 20 21 22 ]
56 = [ 1 20 21 22 ]
57 = [ 1 13 20 21 22 ]
58 = [ 1 12 13 20 21 22 ]
59 = [ 1 11 12 13 20 21 22 ]
60 = [ 1 11 12 13 20 21 22 ]
61 = [ 1 11 12 13 20 21 22 ]
62 = [ 1 11 12 13 20 21 22 ]
63 = [ 1 11 12 13 20 21 22 ]
32
0 = [ 1 5 6 7 17 18 19 ]
1 = [ 1 5 6 7 17 18 19 ]
2 = [ 1 5 6 7 17 18 19 ]
3 = [ 1 5 6 7 17 18 19 ]
4 = [ 1 5 6 7 17 18 19 ]
5 = [ 1 6 7 17 18 19 ]
6 = [ 1 7 17 18 19 ]
7 = [ 1 17 18 19 ]
8 = [ 1 5 6 7 17 18 19 20 ]
9 = [ 20 ]
10 = [ 20 ]
11 = [ 20 ]
12 = [ 5 20 ]
13 = [ 6 20 ]
14 = [ 7 20 ]
15 = [ 1 17 18 19 20 ]
16 = [ 1 5 6 7 17 18 19 20 21 ]
17 = [ 21 ]
18 = [ 21 ]
19 = [ 21 ]
20 = [ 5 21 ]
21 = [ 6 21 ]
22 = [ 7 21 ]
23 = [ 1 17 18 19 20 21 ]
24 = [ 1 5 6 7 17 18 19 20 21 22 ]
25 = [ 22 ]
26 = [ 22 ]
27 = [ 22 ]
28 = [ 5 22 ]
29 = [ 6 22 ]
30 = [ 7 22 ]
31 = [ 1 17 18 19 20 21 22 ]
32 = [ ]
33 = [ 5 17 23 ]
34 = [ 5 17 23 ]
35 = [ 5 17 23 ]
36 = [ 5 17 23 ]
37 = [ 6 17 23 ]
38 = [ 7 17 23 ]
39 = [ 1 17 18 19 20 21 22 23 ]
40 = [ 1 6 7 18 19 20 21 22 23 ]
41 = [ 6 18 ]
42 = [ 6 18 ]
43 = [ 6 18 ]
44 = [ 6 18 ]
45 = [ 6 18 ]
46 = [ 7 18 ]
47 = [ 1 18 19 20 21 22 23 ]
48 = [ 1 7 19 20 21 22 23 ]
49 = [ 7 19 ]
50 = [ 7 19 ]
51 = [ 7 19 ]
52 = [ 7 19 ]
53 = [ 7 19 ]
54 = [ 7 19 ]
55 = [ 1 19 20 21 22 23 ]
56 = [ 1 20 21 22 23 ]
57 = [ 1 20 21 22 23 ]
58 = [ 1 20 21 22 23 ]
59 = [ 1 20 21 22 23 ]
60 = [ 1 20 21 22 23 ]
61 = [ 1 20 21 22 23 ]
62 = [ 1 20 21 22 23 ]
63 = [ 1 20 21 22 23 ]
33
0 = [ 5 17 ]
1 = [ 5 17 ]
2 = [ 5 17 ]
3 = [ 5 17 ]
4 = [ 5 17 ]
5 = [ 17 ]
6 = [ 17 ]
7 = [ 17 ]
8 = [ 5 17 ]
9 = [ 13 26 29 30 39 ]
10 = [ 13 26 29 30 39 ]
11 = [ 13 26 29 30 39 ]
12 = [ 5 13 26 29 30 39 ]
13 = [ 13 26 29 30 39 ]
14 = [ 13 26 29 30 ]
15 = [ 13 17 ]
16 = [ 5 17 ]
17 = [ 13 26 29 30 31 39 ]
18 = [ 31 ]
19 = [ 31 ]
20 = [ 5 31 ]
21 = [ 31 39 ]
22 = [ 26 29 30 31 ]
23 = [ 13 17 ]
24 = [ 5 17 ]
25 = [ 13 26 29 30 31 32 39 ]
26 = [ 32 ]
27 = [ 32 ]
28 = [ 5 32 ]
29 = [ 32 39 ]
30 = [ 26 29 30 31 32 ]
31 = [ 13 17 ]
32 = [ 5 17 23 ]
33 = [ ]
34 = [ 5 17 23 29 33 ]
35 = [ 5 17 23 29 33 ]
36 = [ 5 17 23 29 33 ]
37 = [ 17 23 29 33 39 ]
38 = [ 17 23 26 29 30 31 32 33 ]
39 = [ 13 17 23 ]
40 = [ 23 ]
41 = [ 13 26 30 31 32 33 39 ]
42 = [ 30 39 ]
43 = [ 30 39 ]
44 = [ 30 39 ]
45 = [ 30 39 ]
46 = [ 26 30 31 32 33 ]
47 = [ 13 23 ]
48 = [ 23 ]
49 = [ 13 26 31 32 33 ]
50 = [ 26 31 32 33 ]
51 = [ 26 31 32 33 ]
52 = [ 26 31 32 33 ]
53 = [ 26 31 32 33 ]
54 = [ 26 31 32 33 ]
55 = [ 13 23 ]
56 = [ 23 ]
57 = [ 13 23 ]
58 = [ 13 23 ]
59 = [ 13 23 ]
60 = [ 13 23 ]
61 = [ 13 23 ]
62 = [ 13 23 ]
63 = [ 13 23 ]
34
0 = [ 5 17 ]
1 = [ 5 17 ]
2 = [ 5 17 ]
3 = [ 5 17 ]
4 = [ 5 17 ]
5 = [ 17 ]
6 = [ 17 ]
7 = [ 17 ]
8 = [ 5 17 ]
9 = [ 29 ]
10 = [ 29 ]
11 = [ 29 ]
12 = [ 5 29 ]
13 = [ 29 ]
14 = [ 29 ]
15 = [ 17 ]
16 = [ 5 17 ]
17 = [ 29 ]
18 = [ 12 35 37 38 41 ]
19 = [ 12 35 37 38 41 ]
20 = [ 5 12 35 37 38 41 ]
21 = [ 12 35 38 41 ]
22 = [ 12 29 ]
23 = [ 12 17 ]
24 = [ 5 17 ]
25 = [ 29 ]
26 = [ 12 35 37 38 41 42 ]
27 = [ 42 ]
28 = [ 5 37 42 ]
29 = [ 35 38 41 42 ]
30 = [ 29 ]
31 = [ 12 17 ]
32 = [ 5 17 23 ]
33 = [ 5 17 23 29 33 ]
34 = [ ]
35 = [ 5 17 23 29 33 37 41 43 ]
36 = [ 5 17 23 29 33 37 41 43 ]
37 = [ 17 23 29 33 35 38 41 42 43 ]
38 = [ 17 23 29 33 ]
39 = [ 12 17 23 ]
40 = [ 23 ]
41 = [ 33 ]
42 = [ 12 35 38 42 43 ]
43 = [ 35 38 42 43 ]
44 = [ 35 38 42 43 ]
45 = [ 35 38 42 43 ]
46 = [ 33 ]
47 = [ 12 23 ]
48 = [ 23 ]
49 = [ 33 ]
50 = [ 12 33 ]
51 = [ 33 ]
52 = [ 33 ]
53 = [ 33 ]
54 = [ 33 ]
55 = [ 12 23 ]
56 = [ 23 ]
57 = [ 23 ]
58 = [ 12 23 ]
59 = [ 12 23 ]
60 = [ 12 23 ]
61 = [ 12 23 ]
62 = [ 12 23 ]
63 = [ 12 23 ]
35
0 = [ 5 17 ]
1 = [ 5 17 ]
2 = [ 5 17 ]
3 = [ 5 17 ]
4 = [ 5 17 ]
5 = [ 17 ]
6 = [ 17 ]
7 = [ 17 ]
8 = [ 5 17 ]
9 = [ 29 ]
10 = [ 29 ]
11 = [ 29 ]
12 = [ 5 29 ]
13 = [ 29 ]
14 = [ 29 ]
15 = [ 17 ]
16 = [ 5 17 ]
17 = [ 29 ]
18 = [ 37 41 ]
19 = [ 37 41 ]
20 = [ 5 37 41 ]
21 = [ 41 ]
22 = [ 29 ]
23 = [ 17 ]
24 = [ 5 17 ]
25 = [ 29 ]
26 = [ 37 41 ]
27 = [ 11 44 45 ]
28 = [ 5 11 37 44 45 ]
29 = [ 11 41 ]
30 = [ 11 29 ]
31 = [ 11 17 ]
32 = [ 5 17 23 ]
33 = [ 5 17 23 29 33 ]
34 = [ 5 17 23 29 33 37 41 43 ]
35 = [ ]
36 = [ 5 17 23 29 33 37 41 43 44 45 ]
37 = [ 17 23 29 33 41 43 ]
38 = [ 17 23 29 33 ]
39 = [ 11 17 23 ]
40 = [ 23 ]
41 = [ 33 ]
42 = [ 43 ]
43 = [ 11 43 ]
44 = [ 43 ]
45 = [ 43 ]
46 = [ 33 ]
47 = [ 11 23 ]
48 = [ 23 ]
49 = [ 33 ]
50 = [ 33 ]
51 = [ 11 33 ]
52 = [ 33 ]
53 = [ 33 ]
54 = [ 33 ]
55 = [ 11 23 ]
56 = [ 23 ]
57 = [ 23 ]
58 = [ 23 ]
59 = [ 11 23 ]
60 = [ 11 23 ]
61 = [ 11 23 ]
62 = [ 11 23 ]
63 = [ 11 23 ]
36
0 = [ 5 17 ]
1 = [ 5 17 ]
2 = [ 5 17 ]
3 = [ 5 17 ]
4 = [ 5 17 ]
5 = [ 17 ]
6 = [ 17 ]
7 = [ 17 ]
8 = [ 5 17 ]
9 = [ 29 ]
10 = [ 29 ]
11 = [ 29 ]
12 = [ 5 29 ]
13 = [ 29 ]
14 = [ 29 ]
15 = [ 17 ]
16 = [ 5 17 ]
17 = [ 29 ]
18 = [ 37 41 ]
19 = [ 37 41 ]
20 = [ 5 37 41 ]
21 = [ 41 ]
22 = [ 29 ]
23 = [ 17 ]
24 = [ 5 17 ]
25 = [ 29 ]
26 = [ 37 41 ]
27 = [ 44 45 ]
28 = [ 5 37 44 45 ]
29 = [ 41 ]
30 = [ 29 ]
31 = [ 17 ]
32 = [ 5 17 23 ]
33 = [ 5 17 23 29 33 ]
34 = [ 5 17 23 29 33 37 41 43 ]
35 = [ 5 17 23 29 33 37 41 43 44 45 ]
36 = [ ]
37 = [ 10 17 23 29 33 41 43 ]
38 = [ 10 17 23 29 33 ]
39 = [ 10 17 23 ]
40 = [ 23 ]
41 = [ 33 ]
42 = [ 43 ]
43 = [ 43 ]
44 = [ 10 43 ]
45 = [ 43 ]
46 = [ 33 ]
47 = [ 10 23 ]
48 = [ 23 ]
49 = [ 33 ]
50 = [ 33 ]
51 = [ 33 ]
52 = [ 10 33 ]
53 = [ 33 ]
54 = [ 33 ]
55 = [ 10 23 ]
56 = [ 23 ]
57 = [ 23 ]
58 = [ 23 ]
59 = [ 23 ]
60 = [ 10 23 ]
61 = [ 10 23 ]
62 = [ 10 23 ]
63 = [ 10 23 ]
37
0 = [ 6 17 ]
1 = [ 6 17 ]
2 = [ 6 17 ]
3 = [ 6 17 ]
4 = [ 6 17 ]
5 = [ 6 17 ]
6 = [ 17 ]
7 = [ 17 ]
8 = [ 6 17 ]
9 = [ 29 39 ]
10 = [ 29 39 ]
11 = [ 29 39 ]
12 = [ 29 39 ]
13 = [ 6 29 39 ]
14 = [ 29 ]
15 = [ 17 ]
16 = [ 6 17 ]
17 = [ 29 39 ]
18 = [ 35 38 41 ]
19 = [ 35 38 41 ]
20 = [ 35 38 41 ]
21 = [ 6 35 38 39 41 ]
22 = [ 29 ]
23 = [ 17 ]
24 = [ 6 17 ]
25 = [ 29 39 ]
26 = [ 35 38 41 42 ]
27 = [ 42 ]
28 = [ 42 ]
29 = [ 6 35 38 39 41 42 ]
30 = [ 29 ]
31 = [ 17 ]
32 = [ 6 17 23 ]
33 = [ 17 23 29 33 39 ]
34 = [ 17 23 29 33 35 38 41 42 43 ]
35 = [ 17 23 29 33 41 43 ]
36 = [ 10 17 23 29 33 41 43 ]
37 = [ ]
38 = [ 10 17 23 29 33 ]
39 = [ 10 17 23 ]
40 = [ 6 23 ]
41 = [ 6 33 39 ]
42 = [ 6 35 38 39 42 43 ]
43 = [ 6 35 38 39 42 43 ]
44 = [ 6 10 35 38 39 42 43 ]
45 = [ 6 35 38 39 42 43 ]
46 = [ 33 ]
47 = [ 10 23 ]
48 = [ 23 ]
49 = [ 33 ]
50 = [ 33 ]
51 = [ 33 ]
52 = [ 10 33 ]
53 = [ 33 ]
54 = [ 33 ]
55 = [ 10 23 ]
56 = [ 23 ]
57 = [ 23 ]
58 = [ 23 ]
59 = [ 23 ]
60 = [ 10 23 ]
61 = [ 10 23 ]
62 = [ 10 23 ]
63 = [ 10 23 ]
38
0 = [ 7 17 ]
1 = [ 7 17 ]
2 = [ 7 17 ]
3 = [ 7 17 ]
4 = [ 7 17 ]
5 = [ 7 17 ]
6 = [ 7 17 ]
7 = [ 17 ]
8 = [ 7 17 ]
9 = [ 26 29 30 ]
10 = [ 26 29 30 ]
11 = [ 26 29 30 ]
12 = [ 26 29 30 ]
13 = [ 26 29 30 ]
14 = [ 7 26 29 30 ]
15 = [ 17 ]
16 = [ 7 17 ]
17 = [ 26 29 30 31 ]
18 = [ 31 ]
19 = [ 31 ]
20 = [ 31 ]
21 = [ 31 ]
22 = [ 7 26 29 30 31 ]
23 = [ 17 ]
24 = [ 7 17 ]
25 = [ 26 29 30 31 32 ]
26 = [ 32 ]
27 = [ 32 ]
28 = [ 32 ]
29 = [ 32 ]
30 = [ 7 26 29 30 31 32 ]
31 = [ 17 ]
32 = [ 7 17 23 ]
33 = [ 17 23 26 29 30 31 32 33 ]
34 = [ 17 23 29 33 ]
35 = [ 17 23 29 33 ]
36 = [ 10 17 23 29 33 ]
37 = [ 10 17 23 29 33 ]
38 = [ ]
39 = [ 10 17 23 ]
40 = [ 7 23 ]
41 = [ 26 30 31 32 33 ]
42 = [ 30 ]
43 = [ 30 ]
44 = [ 10 30 ]
45 = [ 30 ]
46 = [ 7 26 30 31 32 33 ]
47 = [ 10 23 ]
48 = [ 7 23 ]
49 = [ 7 26 31 32 33 ]
50 = [ 7 26 31 32 33 ]
51 = [ 7 26 31 32 33 ]
52 = [ 7 10 26 31 32 33 ]
53 = [ 7 26 31 32 33 ]
54 = [ 7 26 31 32 33 ]
55 = [ 10 23 ]
56 = [ 23 ]
57 = [ 23 ]
58 = [ 23 ]
59 = [ 23 ]
60 = [ 10 23 ]
61 = [ 10 23 ]
62 = [ 10 23 ]
63 = [ 10 23 ]
39
0 = [ 1 17 18 19 ]
1 = [ 1 17 18 19 ]
2 = [ 1 17 18 19 ]
3 = [ 1 17 18 19 ]
4 = [ 1 17 18 19 ]
5 = [ 1 17 18 19 ]
6 = [ 1 17 18 19 ]
7 = [ 1 17 18 19 ]
8 = [ 1 17 18 19 20 ]
9 = [ 13 20 ]
10 = [ 13 20 ]
11 = [ 13 20 ]
12 = [ 13 20 ]
13 = [ 13 20 ]
14 = [ 13 20 ]
15 = [ 1 13 17 18 19 20 ]
16 = [ 1 17 18 19 20 21 ]
17 = [ 13 21 ]
18 = [ 12 21 ]
19 = [ 12 21 ]
20 = [ 12 21 ]
21 = [ 12 21 ]
22 = [ 12 21 ]
23 = [ 1 12 13 17 18 19 20 21 ]
24 = [ 1 17 18 19 20 21 22 ]
25 = [ 13 22 ]
26 = [ 12 22 ]
27 = [ 11 22 ]
28 = [ 11 22 ]
29 = [ 11 22 ]
30 = [ 11 22 ]
31 = [ 1 11 12 13 17 18 19 20 21 22 ]
32 = [ 1 17 18 19 20 21 22 23 ]
33 = [ 13 17 23 ]
34 = [ 12 17 23 ]
35 = [ 11 17 23 ]
36 = [ 10 17 23 ]
37 = [ 10 17 23 ]
38 = [ 10 17 23 ]
39 = [ ]
40 = [ 1 18 19 20 21 22 23 ]
41 = [ 13 18 ]
42 = [ 12 18 ]
43 = [ 11 18 ]
44 = [ 10 18 ]
45 = [ 18 ]
46 = [ 18 ]
47 = [ 1 10 11 12 13 18 19 20 21 22 23 ]
48 = [ 1 19 20 21 22 23 ]
49 = [ 13 19 ]
50 = [ 12 19 ]
51 = [ 11 19 ]
52 = [ 10 19 ]
53 = [ 19 ]
54 = [ 19 ]
55 = [ 1 10 11 12 13 19 20 21 22 23 ]
56 = [ 1 20 21 22 23 ]
57 = [ 1 13 20 21 22 23 ]
58 = [ 1 12 13 20 21 22 23 ]
59 = [ 1 11 12 13 20 21 22 23 ]
60 = [ 1 10 11 12 13 20 21 22 23 ]
61 = [ 1 10 11 12 13 20 21 22 23 ]
62 = [ 1 10 11 12 13 20 21 22 23 ]
63 = [ 1 10 11 12 13 20 21 22 23 ]
40
0 = [ 1 6 7 18 19 ]
1 = [ 1 6 7 18 19 ]
2 = [ 1 6 7 18 19 ]
3 = [ 1 6 7 18 19 ]
4 = [ 1 6 7 18 19 ]
5 = [ 1 6 7 18 19 ]
6 = [ 1 7 18 19 ]
7 = [ 1 18 19 ]
8 = [ 1 6 7 18 19 20 ]
9 = [ 20 ]
10 = [ 20 ]
11 = [ 20 ]
12 = [ 20 ]
13 = [ 6 20 ]
14 = [ 7 20 ]
15 = [ 1 18 19 20 ]
16 = [ 1 6 7 18 19 20 21 ]
17 = [ 21 ]
18 = [ 21 ]
19 = [ 21 ]
20 = [ 21 ]
21 = [ 6 21 ]
22 = [ 7 21 ]
23 = [ 1 18 19 20 21 ]
24 = [ 1 6 7 18 19 20 21 22 ]
25 = [ 22 ]
26 = [ 22 ]
27 = [ 22 ]
28 = [ 22 ]
29 = [ 6 22 ]
30 = [ 7 22 ]
31 = [ 1 18 19 20 21 22 ]
32 = [ 1 6 7 18 19 20 21 22 23 ]
33 = [ 23 ]
34 = [ 23 ]
35 = [ 23 ]
36 = [ 23 ]
37 = [ 6 23 ]
38 = [ 7 23 ]
39 = [ 1 18 19 20 21 22 23 ]
40 = [ ]
41 = [ 6 18 24 ]
42 = [ 6 18 24 ]
43 = [ 6 18 24 ]
44 = [ 6 18 24 ]
45 = [ 6 18 24 ]
46 = [ 7 18 24 ]
47 = [ 1 18 19 20 21 22 23 24 ]
48 = [ 1 7 19 20 21 22 23 24 ]
49 = [ 7 19 ]
50 = [ 7 19 ]
51 = [ 7 19 ]
52 = [ 7 19 ]
53 = [ 7 19 ]
54 = [ 7 19 ]
55 = [ 1 19 20 21 22 23 24 ]
56 = [ 1 20 21 22 23 24 ]
57 = [ 1 20 21 22 23 24 ]
58 = [ 1 20 21 22 23 24 ]
59 = [ 1 20 21 22 23 24 ]
60 = [ 1 20 21 22 23 24 ]
61 = [ 1 20 21 22 23 24 ]
62 = [ 1 20 21 22 23 24 ]
63 = [ 1 20 21 22 23 24 ]
41
0 = [ 6 18 ]
1 = [ 6 18 ]
2 = [ 6 18 ]
3 = [ 6 18 ]
4 = [ 6 18 ]
5 = [ 6 18 ]
6 = [ 18 ]
7 = [ 18 ]
8 = [ 6 18 ]
9 = [ 13 26 30 39 ]
10 = [ 13 26 30 39 ]
11 = [ 13 26 30 39 ]
12 = [ 13 26 30 39 ]
13 = [ 6 13 26 30 39 ]
14 = [ 13 26 30 ]
15 = [ 13 18 ]
16 = [ 6 18 ]
17 = [ 13 26 30 31 39 ]
18 = [ 31 ]
19 = [ 31 ]
20 = [ 31 ]
21 = [ 6 31 39 ]
22 = [ 26 30 31 ]
23 = [ 13 18 ]
24 = [ 6 18 ]
25 = [ 13 26 30 31 32 39 ]
26 = [ 32 ]
27 = [ 32 ]
28 = [ 32 ]
29 = [ 6 32 39 ]
30 = [ 26 30 31 32 ]
31 = [ 13 18 ]
32 = [ 6 18 ]
33 = [ 13 26 30 31 32 33 39 ]
34 = [ 33 ]
35 = [ 33 ]
36 = [ 33 ]
37 = [ 6 33 39 ]
38 = [ 26 30 31 32 33 ]
39 = [ 13 18 ]
40 = [ 6 18 24 ]
41 = [ ]
42 = [ 6 18 24 30 34 39 ]
43 = [ 6 18 24 30 34 39 ]
44 = [ 6 18 24 30 34 39 ]
45 = [ 6 18 24 30 34 39 ]
46 = [ 18 24 26 30 31 32 33 34 ]
47 = [ 13 18 24 ]
48 = [ 24 ]
49 = [ 13 26 31 32 33 34 ]
50 = [ 26 31 32 33 34 ]
51 = [ 26 31 32 33 34 ]
52 = [ 26 31 32 33 34 ]
53 = [ 26 31 32 33 34 ]
54 = [ 26 31 32 33 34 ]
55 = [ 13 24 ]
56 = [ 24 ]
57 = [ 13 24 ]
58 = [ 13 24 ]
59 = [ 13 24 ]
60 = [ 13 24 ]
61 = [ 13 24 ]
62 = [ 13 24 ]
63 = [ 13 24 ]
42
0 = [ 6 18 ]
1 = [ 6 18 ]
2 = [ 6 18 ]
3 = [ 6 18 ]
4 = [ 6 18 ]
5 = [ 6 18 ]
6 = [ 18 ]
7 = [ 18 ]
8 = [ 6 18 ]
9 = [ 30 39 ]
10 = [ 30 39 ]
11 = [ 30 39 ]
12 = [ 30 39 ]
13 = [ 6 30 39 ]
14 = [ 30 ]
15 = [ 18 ]
16 = [ 6 18 ]
17 = [ 30 39 ]
18 = [ 12 35 38 ]
19 = [ 12 35 38 ]
20 = [ 12 35 38 ]
21 = [ 6 12 35 38 39 ]
22 = [ 12 30 ]
23 = [ 12 18 ]
24 = [ 6 18 ]
25 = [ 30 39 ]
26 = [ 12 35 38 42 ]
27 = [ 42 ]
28 = [ 42 ]
29 = [ 6 35 38 39 42 ]
30 = [ 30 ]
31 = [ 12 18 ]
32 = [ 6 18 ]
33 = [ 30 39 ]
34 = [ 12 35 38 42 43 ]
35 = [ 43 ]
36 = [ 43 ]
37 = [ 6 35 38 39 42 43 ]
38 = [ 30 ]
39 = [ 12 18 ]
40 = [ 6 18 24 ]
41 = [ 6 18 24 30 34 39 ]
42 = [ ]
43 = [ 6 18 24 30 34 35 38 39 42 43 ]
44 = [ 6 18 24 30 34 35 38 39 42 43 ]
45 = [ 6 18 24 30 34 35 38 39 42 43 ]
46 = [ 18 24 30 34 ]
47 = [ 12 18 24 ]
48 = [ 24 ]
49 = [ 34 ]
50 = [ 12 34 ]
51 = [ 34 ]
52 = [ 34 ]
53 = [ 34 ]
54 = [ 34 ]
55 = [ 12 24 ]
56 = [ 24 ]
57 = [ 24 ]
58 = [ 12 24 ]
59 = [ 12 24 ]
60 = [ 12 24 ]
61 = [ 12 24 ]
62 = [ 12 24 ]
63 = [ 12 24 ]
43
0 = [ 6 18 ]
1 = [ 6 18 ]
2 = [ 6 18 ]
3 = [ 6 18 ]
4 = [ 6 18 ]
5 = [ 6 18 ]
6 = [ 18 ]
7 = [ 18 ]
8 = [ 6 18 ]
9 = [ 30 39 ]
10 = [ 30 39 ]
11 = [ 30 39 ]
12 = [ 30 39 ]
13 = [ 6 30 39 ]
14 = [ 30 ]
15 = [ 18 ]
16 = [ 6 18 ]
17 = [ 30 39 ]
18 = [ 35 38 ]
19 = [ 35 38 ]
20 = [ 35 38 ]
21 = [ 6 35 38 39 ]
22 = [ 30 ]
23 = [ 18 ]
24 = [ 6 18 ]
25 = [ 30 39 ]
26 = [ 35 38 42 ]
27 = [ 11 42 ]
28 = [ 11 42 ]
29 = [ 6 11 35 38 39 42 ]
30 = [ 11 30 ]
31 = [ 11 18 ]
32 = [ 6 18 ]
33 = [ 30 39 ]
34 = [ 35 38 42 43 ]
35 = [ 11 43 ]
36 = [ 43 ]
37 = [ 6 35 38 39 42 43 ]
38 = [ 30 ]
39 = [ 11 18 ]
40 = [ 6 18 24 ]
41 = [ 6 18 24 30 34 39 ]
42 = [ 6 18 24 30 34 35 38 39 42 43 ]
43 = [ ]
44 = [ 6 18 24 30 34 35 38 39 42 43 ]
45 = [ 6 18 24 30 34 35 38 39 42 43 ]
46 = [ 18 24 30 34 ]
47 = [ 11 18 24 ]
48 = [ 24 ]
49 = [ 34 ]
50 = [ 34 ]
51 = [ 11 34 ]
52 = [ 34 ]
53 = [ 34 ]
54 = [ 34 ]
55 = [ 11 24 ]
56 = [ 24 ]
57 = [ 24 ]
58 = [ 24 ]
59 = [ 11 24 ]
60 = [ 11 24 ]
61 = [ 11 24 ]
62 = [ 11 24 ]
63 = [ 11 24 ]
44
0 = [ 6 18 ]
1 = [ 6 18 ]
2 = [ 6 18 ]
3 = [ 6 18 ]
4 = [ 6 18 ]
5 = [ 6 18 ]
6 = [ 18 ]
7 = [ 18 ]
8 = [ 6 18 ]
9 = [ 30 39 ]
10 = [ 30 39 ]
11 = [ 30 39 ]
12 = [ 30 39 ]
13 = [ 6 30 39 ]
14 = [ 30 ]
15 = [ 18 ]
16 = [ 6 18 ]
17 = [ 30 39 ]
18 = [ 35 38 ]
19 = [ 35 38 ]
20 = [ 35 38 ]
21 = [ 6 35 38 39 ]
22 = [ 30 ]
23 = [ 18 ]
24 = [ 6 18 ]
25 = [ 30 39 ]
26 = [ 35 38 42 ]
27 = [ 42 ]
28 = [ 42 ]
29 = [ 6 35 38 39 42 ]
30 = [ 30 ]
31 = [ 18 ]
32 = [ 6 18 ]
33 = [ 30 39 ]
34 = [ 35 38 42 43 ]
35 = [ 43 ]
36 = [ 10 43 ]
37 = [ 6 10 35 38 39 42 43 ]
38 = [ 10 30 ]
39 = [ 10 18 ]
40 = [ 6 18 24 ]
41 = [ 6 18 24 30 34 39 ]
42 = [ 6 18 24 30 34 35 38 39 42 43 ]
43 = [ 6 18 24 30 34 35 38 39 42 43 ]
44 = [ ]
45 = [ 6 18 24 30 34 35 38 39 42 43 ]
46 = [ 18 24 30 34 ]
47 = [ 10 18 24 ]
48 = [ 24 ]
49 = [ 34 ]
50 = [ 34 ]
51 = [ 34 ]
52 = [ 10 34 ]
53 = [ 34 ]
54 = [ 34 ]
55 = [ 10 24 ]
56 = [ 24 ]
57 = [ 24 ]
58 = [ 24 ]
59 = [ 24 ]
60 = [ 10 24 ]
61 = [ 10 24 ]
62 = [ 10 24 ]
63 = [ 10 24 ]
45
0 = [ 6 18 ]
1 = [ 6 18 ]
2 = [ 6 18 ]
3 = [ 6 18 ]
4 = [ 6 18 ]
5 = [ 6 18 ]
6 = [ 18 ]
7 = [ 18 ]
8 = [ 6 18 ]
9 = [ 30 39 ]
10 = [ 30 39 ]
11 = [ 30 39 ]
12 = [ 30 39 ]
13 = [ 6 30 39 ]
14 = [ 30 ]
15 = [ 18 ]
16 = [ 6 18 ]
17 = [ 30 39 ]
18 = [ 35 38 ]
19 = [ 35 38 ]
20 = [ 35 38 ]
21 = [ 6 35 38 39 ]
22 = [ 30 ]
23 = [ 18 ]
24 = [ 6 18 ]
25 = [ 30 39 ]
26 = [ 35 38 42 ]
27 = [ 42 ]
28 = [ 42 ]
29 = [ 6 35 38 39 42 ]
30 = [ 30 ]
31 = [ 18 ]
32 = [ 6 18 ]
33 = [ 30 39 ]
34 = [ 35 38 42 43 ]
35 = [ 43 ]
36 = [ 43 ]
37 = [ 6 35 38 39 42 43 ]
38 = [ 30 ]
39 = [ 18 ]
40 = [ 6 18 24 ]
41 = [ 6 18 24 30 34 39 ]
42 = [ 6 18 24 30 34 35 38 39 42 43 ]
43 = [ 6 18 24 30 34 35 38 39 42 43 ]
44 = [ 6 18 24 30 34 35 38 39 42 43 ]
45 = [ ]
46 = [ 9 18 24 30 34 ]
47 = [ 9 18 24 ]
48 = [ 24 ]
49 = [ 34 ]
50 = [ 34 ]
51 = [ 34 ]
52 = [ 34 ]
53 = [ 9 34 ]
54 = [ 34 ]
55 = [ 9 24 ]
56 = [ 24 ]
57 = [ 24 ]
58 = [ 24 ]
59 = [ 24 ]
60 = [ 24 ]
61 = [ 9 24 ]
62 = [ 9 24 ]
63 = [ 9 24 ]
46
0 = [ 7 18 ]
1 = [ 7 18 ]
2 = [ 7 18 ]
3 = [ 7 18 ]
4 = [ 7 18 ]
5 = [ 7 18 ]
6 = [ 7 18 ]
7 = [ 18 ]
8 = [ 7 18 ]
9 = [ 26 30 ]
10 = [ 26 30 ]
11 = [ 26 30 ]
12 = [ 26 30 ]
13 = [ 26 30 ]
14 = [ 7 26 30 ]
15 = [ 18 ]
16 = [ 7 18 ]
17 = [ 26 30 31 ]
18 = [ 31 ]
19 = [ 31 ]
20 = [ 31 ]
21 = [ 31 ]
22 = [ 7 26 30 31 ]
23 = [ 18 ]
24 = [ 7 18 ]
25 = [ 26 30 31 32 ]
26 = [ 32 ]
27 = [ 32 ]
28 = [ 32 ]
29 = [ 32 ]
30 = [ 7 26 30 31 32 ]
31 = [ 18 ]
32 = [ 7 18 ]
33 = [ 26 30 31 32 33 ]
34 = [ 33 ]
35 = [ 33 ]
36 = [ 33 ]
37 = [ 33 ]
38 = [ 7 26 30 31 32 33 ]
39 = [ 18 ]
40 = [ 7 18 24 ]
41 = [ 18 24 26 30 31 32 33 34 ]
42 = [ 18 24 30 34 ]
43 = [ 18 24 30 34 ]
44 = [ 18 24 30 34 ]
45 = [ 9 18 24 30 34 ]
46 = [ ]
47 = [ 9 18 24 ]
48 = [ 7 24 ]
49 = [ 7 26 31 32 33 34 ]
50 = [ 7 26 31 32 33 34 ]
51 = [ 7 26 31 32 33 34 ]
52 = [ 7 26 31 32 33 34 ]
53 = [ 7 9 26 31 32 33 34 ]
54 = [ 7 26 31 32 33 34 ]
55 = [ 9 24 ]
56 = [ 24 ]
57 = [ 24 ]
58 = [ 24 ]
59 = [ 24 ]
60 = [ 24 ]
61 = [ 9 24 ]
62 = [ 9 24 ]
63 = [ 9 24 ]
47
0 = [ 1 18 19 ]
1 = [ 1 18 19 ]
2 = [ 1 18 19 ]
3 = [ 1 18 19 ]
4 = [ 1 18 19 ]
5 = [ 1 18 19 ]
6 = [ 1 18 19 ]
7 = [ 1 18 19 ]
8 = [ 1 18 19 20 ]
9 = [ 13 20 ]
10 = [ 13 20 ]
11 = [ 13 20 ]
12 = [ 13 20 ]
13 = [ 13 20 ]
14 = [ 13 20 ]
15 = [ 1 13 18 19 20 ]
16 = [ 1 18 19 20 21 ]
17 = [ 13 21 ]
18 = [ 12 21 ]
19 = [ 12 21 ]
20 = [ 12 21 ]
21 = [ 12 21 ]
22 = [ 12 21 ]
23 = [ 1 12 13 18 19 20 21 ]
24 = [ 1 18 19 20 21 22 ]
25 = [ 13 22 ]
26 = [ 12 22 ]
27 = [ 11 22 ]
28 = [ 11 22 ]
29 = [ 11 22 ]
30 = [ 11 22 ]
31 = [ 1 11 12 13 18 19 20 21 22 ]
32 = [ 1 18 19 20 21 22 23 ]
33 = [ 13 23 ]
34 = [ 12 23 ]
35 = [ 11 23 ]
36 = [ 10 23 ]
37 = [ 10 23 ]
38 = [ 10 23 ]
39 = [ 1 10 11 12 13 18 19 20 21 22 23 ]
40 = [ 1 18 19 20 21 22 23 24 ]
41 = [ 13 18 24 ]
42 = [ 12 18 24 ]
43 = [ 11 18 24 ]
44 = [ 10 18 24 ]
45 = [ 9 18 24 ]
46 = [ 9 18 24 ]
47 = [ ]
48 = [ 1 19 20 21 22 23 24 ]
49 = [ 13 19 ]
50 = [ 12 19 ]
51 = [ 11 19 ]
52 = [ 10 19 ]
53 = [ 9 19 ]
54 = [ 19 ]
55 = [ 1 9 10 11 12 13 19 20 21 22 23 24 ]
56 = [ 1 20 21 22 23 24 ]
57 = [ 1 13 20 21 22 23 24 ]
58 = [ 1 12 13 20 21 22 23 24 ]
59 = [ 1 11 12 13 20 21 22 23 24 ]
60 = [ 1 10 11 12 13 20 21 22 23 24 ]
61 = [ 1 9 10 11 12 13 20 21 22 23 24 ]
62 = [ 1 9 10 11 12 13 20 21 22 23 24 ]
63 = [ 1 9 10 11 12 13 20 21 22 23 24 ]
48
0 = [ 1 7 19 ]
1 = [ 1 7 19 ]
2 = [ 1 7 19 ]
3 = [ 1 7 19 ]
4 = [ 1 7 19 ]
5 = [ 1 7 19 ]
6 = [ 1 7 19 ]
7 = [ 1 19 ]
8 = [ 1 7 19 20 ]
9 = [ 20 ]
10 = [ 20 ]
11 = [ 20 ]
12 = [ 20 ]
13 = [ 20 ]
14 = [ 7 20 ]
15 = [ 1 19 20 ]
16 = [ 1 7 19 20 21 ]
17 = [ 21 ]
18 = [ 21 ]
19 = [ 21 ]
20 = [ 21 ]
21 = [ 21 ]
22 = [ 7 21 ]
23 = [ 1 19 20 21 ]
24 = [ 1 7 19 20 21 22 ]
25 = [ 22 ]
26 = [ 22 ]
27 = [ 22 ]
28 = [ 22 ]
29 = [ 22 ]
30 = [ 7 22 ]
31 = [ 1 19 20 21 22 ]
32 = [ 1 7 19 20 21 22 23 ]
33 = [ 23 ]
34 = [ 23 ]
35 = [ 23 ]
36 = [ 23 ]
37 = [ 23 ]
38 = [ 7 23 ]
39 = [ 1 19 20 21 22 23 ]
40 = [ 1 7 19 20 21 22 23 24 ]
41 = [ 24 ]
42 = [ 24 ]
43 = [ 24 ]
44 = [ 24 ]
45 = [ 24 ]
46 = [ 7 24 ]
47 = [ 1 19 20 21 22 23 24 ]
48 = [ ]
49 = [ 7 19 25 ]
50 = [ 7 19 25 ]
51 = [ 7 19 25 ]
52 = [ 7 19 25 ]
53 = [ 7 19 25 ]
54 = [ 7 19 25 ]
55 = [ 1 19 20 21 22 23 24 25 ]
56 = [ 1 20 21 22 23 24 25 ]
57 = [ 1 20 21 22 23 24 25 ]
58 = [ 1 20 21 22 23 24 25 ]
59 = [ 1 20 21 22 23 24 25 ]
60 = [ 1 20 21 22 23 24 25 ]
61 = [ 1 20 21 22 23 24 25 ]
62 = [ 1 20 21 22 23 24 25 ]
63 = [ 1 20 21 22 23 24 25 ]
49
0 = [ 7 19 ]
1 = [ 7 19 ]
2 = [ 7 19 ]
3 = [ 7 19 ]
4 = [ 7 19 ]
5 = [ 7 19 ]
6 = [ 7 19 ]
7 = [ 19 ]
8 = [ 7 19 ]
9 = [ 13 26 ]
10 = [ 13 26 ]
11 = [ 13 26 ]
12 = [ 13 26 ]
13 = [ 13 26 ]
14 = [ 7 13 26 ]
15 = [ 13 19 ]
16 = [ 7 19 ]
17 = [ 13 26 31 ]
18 = [ 31 ]
19 = [ 31 ]
20 = [ 31 ]
21 = [ 31 ]
22 = [ 7 26 31 ]
23 = [ 13 19 ]
24 = [ 7 19 ]
25 = [ 13 26 31 32 ]
26 = [ 32 ]
27 = [ 32 ]
28 = [ 32 ]
29 = [ 32 ]
30 = [ 7 26 31 32 ]
31 = [ 13 19 ]
32 = [ 7 19 ]
33 = [ 13 26 31 32 33 ]
34 = [ 33 ]
35 = [ 33 ]
36 = [ 33 ]
37 = [ 33 ]
38 = [ 7 26 31 32 33 ]
39 = [ 13 19 ]
40 = [ 7 19 ]
41 = [ 13 26 31 32 33 34 ]
42 = [ 34 ]
43 = [ 34 ]
44 = [ 34 ]
45 = [ 34 ]
46 = [ 7 26 31 32 33 34 ]
47 = [ 13 19 ]
48 = [ 7 19 25 ]
49 = [ ]
50 = [ 7 19 25 26 31 32 33 34 ]
51 = [ 7 19 25 26 31 32 33 34 ]
52 = [ 7 19 25 26 31 32 33 34 ]
53 = [ 7 19 25 26 31 32 33 34 ]
54 = [ 7 19 25 26 31 32 33 34 ]
55 = [ 13 19 25 ]
56 = [ 25 ]
57 = [ 13 25 ]
58 = [ 13 25 ]
59 = [ 13 25 ]
60 = [ 13 25 ]
61 = [ 13 25 ]
62 = [ 13 25 ]
63 = [ 13 25 ]
50
0 = [ 7 19 ]
1 = [ 7 19 ]
2 = [ 7 19 ]
3 = [ 7 19 ]
4 = [ 7 19 ]
5 = [ 7 19 ]
6 = [ 7 19 ]
7 = [ 19 ]
8 = [ 7 19 ]
9 = [ 26 ]
10 = [ 26 ]
11 = [ 26 ]
12 = [ 26 ]
13 = [ 26 ]
14 = [ 7 26 ]
15 = [ 19 ]
16 = [ 7 19 ]
17 = [ 26 31 ]
18 = [ 12 31 ]
19 = [ 12 31 ]
20 = [ 12 31 ]
21 = [ 12 31 ]
22 = [ 7 12 26 31 ]
23 = [ 12 19 ]
24 = [ 7 19 ]
25 = [ 26 31 32 ]
26 = [ 12 32 ]
27 = [ 32 ]
28 = [ 32 ]
29 = [ 32 ]
30 = [ 7 26 31 32 ]
31 = [ 12 19 ]
32 = [ 7 19 ]
33 = [ 26 31 32 33 ]
34 = [ 12 33 ]
35 = [ 33 ]
36 = [ 33 ]
37 = [ 33 ]
38 = [ 7 26 31 32 33 ]
39 = [ 12 19 ]
40 = [ 7 19 ]
41 = [ 26 31 32 33 34 ]
42 = [ 12 34 ]
43 = [ 34 ]
44 = [ 34 ]
45 = [ 34 ]
46 = [ 7 26 31 32 33 34 ]
47 = [ 12 19 ]
48 = [ 7 19 25 ]
49 = [ 7 19 25 26 31 32 33 34 ]
50 = [ ]
51 = [ 7 19 25 26 31 32 33 34 ]
52 = [ 7 19 25 26 31 32 33 34 ]
53 = [ 7 19 25 26 31 32 33 34 ]
54 = [ 7 19 25 26 31 32 33 34 ]
55 = [ 12 19 25 ]
56 = [ 25 ]
57 = [ 25 ]
58 = [ 12 25 ]
59 = [ 12 25 ]
60 = [ 12 25 ]
61 = [ 12 25 ]
62 = [ 12 25 ]
63 = [ 12 25 ]
51
0 = [ 7 19 ]
1 = [ 7 19 ]
2 = [ 7 19 ]
3 = [ 7 19 ]
4 = [ 7 19 ]
5 = [ 7 19 ]
6 = [ 7 19 ]
7 = [ 19 ]
8 = [ 7 19 ]
9 = [ 26 ]
10 = [ 26 ]
11 = [ 26 ]
12 = [ 26 ]
13 = [ 26 ]
14 = [ 7 26 ]
15 = [ 19 ]
16 = [ 7 19 ]
17 = [ 26 31 ]
18 = [ 31 ]
19 = [ 31 ]
20 = [ 31 ]
21 = [ 31 ]
22 = [ 7 26 31 ]
23 = [ 19 ]
24 = [ 7 19 ]
25 = [ 26 31 32 ]
26 = [ 32 ]
27 = [ 11 32 ]
28 = [ 11 32 ]
29 = [ 11 32 ]
30 = [ 7 11 26 31 32 ]
31 = [ 11 19 ]
32 = [ 7 19 ]
33 = [ 26 31 32 33 ]
34 = [ 33 ]
35 = [ 11 33 ]
36 = [ 33 ]
37 = [ 33 ]
38 = [ 7 26 31 32 33 ]
39 = [ 11 19 ]
40 = [ 7 19 ]
41 = [ 26 31 32 33 34 ]
42 = [ 34 ]
43 = [ 11 34 ]
44 = [ 34 ]
45 = [ 34 ]
46 = [ 7 26 31 32 33 34 ]
47 = [ 11 19 ]
48 = [ 7 19 25 ]
49 = [ 7 19 25 26 31 32 33 34 ]
50 = [ 7 19 25 26 31 32 33 34 ]
51 = [ ]
52 = [ 7 19 25 26 31 32 33 34 ]
53 = [ 7 19 25 26 31 32 33 34 ]
54 = [ 7 19 25 26 31 32 33 34 ]
55 = [ 11 19 25 ]
56 = [ 25 ]
57 = [ 25 ]
58 = [ 25 ]
59 = [ 11 25 ]
60 = [ 11 25 ]
61 = [ 11 25 ]
62 = [ 11 25 ]
63 = [ 11 25 ]
52
0 = [ 7 19 ]
1 = [ 7 19 ]
2 = [ 7 19 ]
3 = [ 7 19 ]
4 = [ 7 19 ]
5 = [ 7 19 ]
6 = [ 7 19 ]
7 = [ 19 ]
8 = [ 7 19 ]
9 = [ 26 ]
10 = [ 26 ]
11 = [ 26 ]
12 = [ 26 ]
13 = [ 26 ]
14 = [ 7 26 ]
15 = [ 19 ]
16 = [ 7 19 ]
17 = [ 26 31 ]
18 = [ 31 ]
19 = [ 31 ]
20 = [ 31 ]
21 = [ 31 ]
22 = [ 7 26 31 ]
23 = [ 19 ]
24 = [ 7 19 ]
25 = [ 26 31 32 ]
26 = [ 32 ]
27 = [ 32 ]
28 = [ 32 ]
29 = [ 32 ]
30 = [ 7 26 31 32 ]
31 = [ 19 ]
32 = [ 7 19 ]
33 = [ 26 31 32 33 ]
34 = [ 33 ]
35 = [ 33 ]
36 = [ 10 33 ]
37 = [ 10 33 ]
38 = [ 7 10 26 31 32 33 ]
39 = [ 10 19 ]
40 = [ 7 19 ]
41 = [ 26 31 32 33 34 ]
42 = [ 34 ]
43 = [ 34 ]
44 = [ 10 34 ]
45 = [ 34 ]
46 = [ 7 26 31 32 33 34 ]
47 = [ 10 19 ]
48 = [ 7 19 25 ]
49 = [ 7 19 25 26 31 32 33 34 ]
50 = [ 7 19 25 26 31 32 33 34 ]
51 = [ 7 19 25 26 31 32 33 34 ]
52 = [ ]
53 = [ 7 19 25 26 31 32 33 34 ]
54 = [ 7 19 25 26 31 32 33 34 ]
55 = [ 10 19 25 ]
56 = [ 25 ]
57 = [ 25 ]
58 = [ 25 ]
59 = [ 25 ]
60 = [ 10 25 ]
61 = [ 10 25 ]
62 = [ 10 25 ]
63 = [ 10 25 ]
53
0 = [ 7 19 ]
1 = [ 7 19 ]
2 = [ 7 19 ]
3 = [ 7 19 ]
4 = [ 7 19 ]
5 = [ 7 19 ]
6 = [ 7 19 ]
7 = [ 19 ]
8 = [ 7 19 ]
9 = [ 26 ]
10 = [ 26 ]
11 = [ 26 ]
12 = [ 26 ]
13 = [ 26 ]
14 = [ 7 26 ]
15 = [ 19 ]
16 = [ 7 19 ]
17 = [ 26 31 ]
18 = [ 31 ]
19 = [ 31 ]
20 = [ 31 ]
21 = [ 31 ]
22 = [ 7 26 31 ]
23 = [ 19 ]
24 = [ 7 19 ]
25 = [ 26 31 32 ]
26 = [ 32 ]
27 = [ 32 ]
28 = [ 32 ]
29 = [ 32 ]
30 = [ 7 26 31 32 ]
31 = [ 19 ]
32 = [ 7 19 ]
33 = [ 26 31 32 33 ]
34 = [ 33 ]
35 = [ 33 ]
36 = [ 33 ]
37 = [ 33 ]
38 = [ 7 26 31 32 33 ]
39 = [ 19 ]
40 = [ 7 19 ]
41 = [ 26 31 32 33 34 ]
42 = [ 34 ]
43 = [ 34 ]
44 = [ 34 ]
45 = [ 9 34 ]
46 = [ 7 9 26 31 32 33 34 ]
47 = [ 9 19 ]
48 = [ 7 19 25 ]
49 = [ 7 19 25 26 31 32 33 34 ]
50 = [ 7 19 25 26 31 32 33 34 ]
51 = [ 7 19 25 26 31 32 33 34 ]
52 = [ 7 19 25 26 31 32 33 34 ]
53 = [ ]
54 = [ 7 19 25 26 31 32 33 34 ]
55 = [ 9 19 25 ]
56 = [ 25 ]
57 = [ 25 ]
58 = [ 25 ]
59 = [ 25 ]
60 = [ 25 ]
61 = [ 9 25 ]
62 = [ 9 25 ]
63 = [ 9 25 ]
54
0 = [ 7 19 ]
1 = [ 7 19 ]
2 = [ 7 19 ]
3 = [ 7 19 ]
4 = [ 7 19 ]
5 = [ 7 19 ]
6 = [ 7 19 ]
7 = [ 19 ]
8 = [ 7 19 ]
9 = [ 26 ]
10 = [ 26 ]
11 = [ 26 ]
12 = [ 26 ]
13 = [ 26 ]
14 = [ 7 26 ]
15 = [ 19 ]
16 = [ 7 19 ]
17 = [ 26 31 ]
18 = [ 31 ]
19 = [ 31 ]
20 = [ 31 ]
21 = [ 31 ]
22 = [ 7 26 31 ]
23 = [ 19 ]
24 = [ 7 19 ]
25 = [ 26 31 32 ]
26 = [ 32 ]
27 = [ 32 ]
28 = [ 32 ]
29 = [ 32 ]
30 = [ 7 26 31 32 ]
31 = [ 19 ]
32 = [ 7 19 ]
33 = [ 26 31 32 33 ]
34 = [ 33 ]
35 = [ 33 ]
36 = [ 33 ]
37 = [ 33 ]
38 = [ 7 26 31 32 33 ]
39 = [ 19 ]
40 = [ 7 19 ]
41 = [ 26 31 32 33 34 ]
42 = [ 34 ]
43 = [ 34 ]
44 = [ 34 ]
45 = [ 34 ]
46 = [ 7 26 31 32 33 34 ]
47 = [ 19 ]
48 = [ 7 19 25 ]
49 = [ 7 19 25 26 31 32 33 34 ]
50 = [ 7 19 25 26 31 32 33 34 ]
51 = [ 7 19 25 26 31 32 33 34 ]
52 = [ 7 19 25 26 31 32 33 34 ]
53 = [ 7 19 25 26 31 32 33 34 ]
54 = [ ]
55 = [ 8 19 25 ]
56 = [ 25 ]
57 = [ 25 ]
58 = [ 25 ]
59 = [ 25 ]
60 = [ 25 ]
61 = [ 25 ]
62 = [ 8 25 ]
63 = [ 8 25 ]
55
0 = [ 1 19 ]
1 = [ 1 19 ]
2 = [ 1 19 ]
3 = [ 1 19 ]
4 = [ 1 19 ]
5 = [ 1 19 ]
6 = [ 1 19 ]
7 = [ 1 19 ]
8 = [ 1 19 20 ]
9 = [ 13 20 ]
10 = [ 13 20 ]
11 = [ 13 20 ]
12 = [ 13 20 ]
13 = [ 13 20 ]
14 = [ 13 20 ]
15 = [ 1 13 19 20 ]
16 = [ 1 19 20 21 ]
17 = [ 13 21 ]
18 = [ 12 21 ]
19 = [ 12 21 ]
20 = [ 12 21 ]
21 = [ 12 21 ]
22 = [ 12 21 ]
23 = [ 1 12 13 19 20 21 ]
24 = [ 1 19 20 21 22 ]
25 = [ 13 22 ]
26 = [ 12 22 ]
27 = [ 11 22 ]
28 = [ 11 22 ]
29 = [ 11 22 ]
30 = [ 11 22 ]
31 = [ 1 11 12 13 19 20 21 22 ]
32 = [ 1 19 20 21 22 23 ]
33 = [ 13 23 ]
34 = [ 12 23 ]
35 = [ 11 23 ]
36 = [ 10 23 ]
37 = [ 10 23 ]
38 = [ 10 23 ]
39 = [ 1 10 11 12 13 19 20 21 22 23 ]
40 = [ 1 19 20 21 22 23 24 ]
41 = [ 13 24 ]
42 = [ 12 24 ]
43 = [ 11 24 ]
44 = [ 10 24 ]
45 = [ 9 24 ]
46 = [ 9 24 ]
47 = [ 1 9 10 11 12 13 19 20 21 22 23 24 ]
48 = [ 1 19 20 21 22 23 24 25 ]
49 = [ 13 19 25 ]
50 = [ 12 19 25 ]
51 = [ 11 19 25 ]
52 = [ 10 19 25 ]
53 = [ 9 19 25 ]
54 = [ 8 19 25 ]
55 = [ ]
56 = [ 1 20 21 22 23 24 25 ]
57 = [ 1 13 20 21 22 23 24 25 ]
58 = [ 1 12 13 20 21 22 23 24 25 ]
59 = [ 1 11 12 13 20 21 22 23 24 25 ]
60 = [ 1 10 11 12 13 20 21 22 23 24 25 ]
61 = [ 1 9 10 11 12 13 20 21 22 23 24 25 ]
62 = [ 1 8 9 10 11 12 13 20 21 22 23 24 25 ]
63 = [ 1 8 9 10 11 12 13 20 21 22 23 24 25 ]
56
0 = [ 1 ]
1 = [ 1 ]
2 = [ 1 ]
3 = [ 1 ]
4 = [ 1 ]
5 = [ 1 ]
6 = [ 1 ]
7 = [ 1 ]
8 = [ 1 20 ]
9 = [ 20 ]
10 = [ 20 ]
11 = [ 20 ]
12 = [ 20 ]
13 = [ 20 ]
14 = [ 20 ]
15 = [ 1 20 ]
16 = [ 1 20 21 ]
17 = [ 21 ]
18 = [ 21 ]
19 = [ 21 ]
20 = [ 21 ]
21 = [ 21 ]
22 = [ 21 ]
23 = [ 1 20 21 ]
24 = [ 1 20 21 22 ]
25 = [ 22 ]
26 = [ 22 ]
27 = [ 22 ]
28 = [ 22 ]
29 = [ 22 ]
30 = [ 22 ]
31 = [ 1 20 21 22 ]
32 = [ 1 20 21 22 23 ]
33 = [ 23 ]
34 = [ 23 ]
35 = [ 23 ]
36 = [ 23 ]
37 = [ 23 ]
38 = [ 23 ]
39 = [ 1 20 21 22 23 ]
40 = [ 1 20 21 22 23 24 ]
41 = [ 24 ]
42 = [ 24 ]
43 = [ 24 ]
44 = [ 24 ]
45 = [ 24 ]
46 = [ 24 ]
47 = [ 1 20 21 22 23 24 ]
48 = [ 1 20 21 22 23 24 25 ]
49 = [ 25 ]
50 = [ 25 ]
51 = [ 25 ]
52 = [ 25 ]
53 = [ 25 ]
54 = [ 25 ]
55 = [ 1 20 21 22 23 24 25 ]
56 = [ ]
57 = [ 1 20 21 22 23 24 25 ]
58 = [ 1 20 21 22 23 24 25 ]
59 = [ 1 20 21 22 23 24 25 ]
60 = [ 1 20 21 22 23 24 25 ]
61 = [ 1 20 21 22 23 24 25 ]
62 = [ 1 20 21 22 23 24 25 ]
63 = [ 1 20 21 22 23 24 25 ]
57
0 = [ 1 ]
1 = [ 1 ]
2 = [ 1 ]
3 = [ 1 ]
4 = [ 1 ]
5 = [ 1 ]
6 = [ 1 ]
7 = [ 1 ]
8 = [ 1 20 ]
9 = [ 13 20 ]
10 = [ 13 20 ]
11 = [ 13 20 ]
12 = [ 13 20 ]
13 = [ 13 20 ]
14 = [ 13 20 ]
15 = [ 1 13 20 ]
16 = [ 1 20 21 ]
17 = [ 13 21 ]
18 = [ 21 ]
19 = [ 21 ]
20 = [ 21 ]
21 = [ 21 ]
22 = [ 21 ]
23 = [ 1 13 20 21 ]
24 = [ 1 20 21 22 ]
25 = [ 13 22 ]
26 = [ 22 ]
27 = [ 22 ]
28 = [ 22 ]
29 = [ 22 ]
30 = [ 22 ]
31 = [ 1 13 20 21 22 ]
32 = [ 1 20 21 22 23 ]
33 = [ 13 23 ]
34 = [ 23 ]
35 = [ 23 ]
36 = [ 23 ]
37 = [ 23 ]
38 = [ 23 ]
39 = [ 1 13 20 21 22 23 ]
40 = [ 1 20 21 22 23 24 ]
41 = [ 13 24 ]
42 = [ 24 ]
43 = [ 24 ]
44 = [ 24 ]
45 = [ 24 ]
46 = [ 24 ]
47 = [ 1 13 20 21 22 23 24 ]
48 = [ 1 20 21 22 23 24 25 ]
49 = [ 13 25 ]
50 = [ 25 ]
51 = [ 25 ]
52 = [ 25 ]
53 = [ 25 ]
54 = [ 25 ]
55 = [ 1 13 20 21 22 23 24 25 ]
56 = [ 1 20 21 22 23 24 25 ]
57 = [ ]
58 = [ 1 13 20 21 22 23 24 25 ]
59 = [ 1 13 20 21 22 23 24 25 ]
60 = [ 1 13 20 21 22 23 24 25 ]
61 = [ 1 13 20 21 22 23 24 25 ]
62 = [ 1 13 20 21 22 23 24 25 ]
63 = [ 1 13 20 21 22 23 24 25 ]
58
0 = [ 1 ]
1 = [ 1 ]
2 = [ 1 ]
3 = [ 1 ]
4 = [ 1 ]
5 = [ 1 ]
6 = [ 1 ]
7 = [ 1 ]
8 = [ 1 20 ]
9 = [ 13 20 ]
10 = [ 13 20 ]
11 = [ 13 20 ]
12 = [ 13 20 ]
13 = [ 13 20 ]
14 = [ 13 20 ]
15 = [ 1 13 20 ]
16 = [ 1 20 21 ]
17 = [ 13 21 ]
18 = [ 12 21 ]
19 = [ 12 21 ]
20 = [ 12 21 ]
21 = [ 12 21 ]
22 = [ 12 21 ]
23 = [ 1 12 13 20 21 ]
24 = [ 1 20 21 22 ]
25 = [ 13 22 ]
26 = [ 12 22 ]
27 = [ 22 ]
28 = [ 22 ]
29 = [ 22 ]
30 = [ 22 ]
31 = [ 1 12 13 20 21 22 ]
32 = [ 1 20 21 22 23 ]
33 = [ 13 23 ]
34 = [ 12 23 ]
35 = [ 23 ]
36 = [ 23 ]
37 = [ 23 ]
38 = [ 23 ]
39 = [ 1 12 13 20 21 22 23 ]
40 = [ 1 20 21 22 23 24 ]
41 = [ 13 24 ]
42 = [ 12 24 ]
43 = [ 24 ]
44 = [ 24 ]
45 = [ 24 ]
46 = [ 24 ]
47 = [ 1 12 13 20 21 22 23 24 ]
48 = [ 1 20 21 22 23 24 25 ]
49 = [ 13 25 ]
50 = [ 12 25 ]
51 = [ 25 ]
52 = [ 25 ]
53 = [ 25 ]
54 = [ 25 ]
55 = [ 1 12 13 20 21 22 23 24 25 ]
56 = [ 1 20 21 22 23 24 25 ]
57 = [ 1 13 20 21 22 23 24 25 ]
58 = [ ]
59 = [ 1 12 13 20 21 22 23 24 25 ]
60 = [ 1 12 13 20 21 22 23 24 25 ]
61 = [ 1 12 13 20 21 22 23 24 25 ]
62 = [ 1 12 13 20 21 22 23 24 25 ]
63 = [ 1 12 13 20 21 22 23 24 25 ]
59
0 = [ 1 ]
1 = [ 1 ]
2 = [ 1 ]
3 = [ 1 ]
4 = [ 1 ]
5 = [ 1 ]
6 = [ 1 ]
7 = [ 1 ]
8 = [ 1 20 ]
9 = [ 13 20 ]
10 = [ 13 20 ]
11 = [ 13 20 ]
12 = [ 13 20 ]
13 = [ 13 20 ]
14 = [ 13 20 ]
15 = [ 1 13 20 ]
16 = [ 1 20 21 ]
17 = [ 13 21 ]
18 = [ 12 21 ]
19 = [ 12 21 ]
20 = [ 12 21 ]
21 = [ 12 21 ]
22 = [ 12 21 ]
23 = [ 1 12 13 20 21 ]
24 = [ 1 20 21 22 ]
25 = [ 13 22 ]
26 = [ 12 22 ]
27 = [ 11 22 ]
28 = [ 11 22 ]
29 = [ 11 22 ]
30 = [ 11 22 ]
31 = [ 1 11 12 13 20 21 22 ]
32 = [ 1 20 21 22 23 ]
33 = [ 13 23 ]
34 = [ 12 23 ]
35 = [ 11 23 ]
36 = [ 23 ]
37 = [ 23 ]
38 = [ 23 ]
39 = [ 1 11 12 13 20 21 22 23 ]
40 = [ 1 20 21 22 23 24 ]
41 = [ 13 24 ]
42 = [ 12 24 ]
43 = [ 11 24 ]
44 = [ 24 ]
45 = [ 24 ]
46 = [ 24 ]
47 = [ 1 11 12 13 20 21 22 23 24 ]
48 = [ 1 20 21 22 23 24 25 ]
49 = [ 13 25 ]
50 = [ 12 25 ]
51 = [ 11 25 ]
52 = [ 25 ]
53 = [ 25 ]
54 = [ 25 ]
55 = [ 1 11 12 13 20 21 22 23 24 25 ]
56 = [ 1 20 21 22 23 24 25 ]
57 = [ 1 13 20 21 22 23 24 25 ]
58 = [ 1 12 13 20 21 22 23 24 25 ]
59 = [ ]
60 = [ 1 11 12 13 20 21 22 23 24 25 ]
61 = [ 1 11 12 13 20 21 22 23 24 25 ]
62 = [ 1 11 12 13 20 21 22 23 24 25 ]
63 = [ 1 11 12 13 20 21 22 23 24 25 ]
60
0 = [ 1 ]
1 = [ 1 ]
2 = [ 1 ]
3 = [ 1 ]
4 = [ 1 ]
5 = [ 1 ]
6 = [ 1 ]
7 = [ 1 ]
8 = [ 1 20 ]
9 = [ 13 20 ]
10 = [ 13 20 ]
11 = [ 13 20 ]
12 = [ 13 20 ]
13 = [ 13 20 ]
14 = [ 13 20 ]
15 = [ 1 13 20 ]
16 = [ 1 20 21 ]
17 = [ 13 21 ]
18 = [ 12 21 ]
19 = [ 12 21 ]
20 = [ 12 21 ]
21 = [ 12 21 ]
22 = [ 12 21 ]
23 = [ 1 12 13 20 21 ]
24 = [ 1 20 21 22 ]
25 = [ 13 22 ]
26 = [ 12 22 ]
27 = [ 11 22 ]
28 = [ 11 22 ]
29 = [ 11 22 ]
30 = [ 11 22 ]
31 = [ 1 11 12 13 20 21 22 ]
32 = [ 1 20 21 22 23 ]
33 = [ 13 23 ]
34 = [ 12 23 ]
35 = [ 11 23 ]
36 = [ 10 23 ]
37 = [ 10 23 ]
38 = [ 10 23 ]
39 = [ 1 10 11 12 13 20 21 22 23 ]
40 = [ 1 20 21 22 23 24 ]
41 = [ 13 24 ]
42 = [ 12 24 ]
43 = [ 11 24 ]
44 = [ 10 24 ]
45 = [ 24 ]
46 = [ 24 ]
47 = [ 1 10 11 12 13 20 21 22 23 24 ]
48 = [ 1 20 21 22 23 24 25 ]
49 = [ 13 25 ]
50 = [ 12 25 ]
51 = [ 11 25 ]
52 = [ 10 25 ]
53 = [ 25 ]
54 = [ 25 ]
55 = [ 1 10 11 12 13 20 21 22 23 24 25 ]
56 = [ 1 20 21 22 23 24 25 ]
57 = [ 1 13 20 21 22 23 24 25 ]
58 = [ 1 12 13 20 21 22 23 24 25 ]
59 = [ 1 11 12 13 20 21 22 23 24 25 ]
60 = [ ]
61 = [ 1 10 11 12 13 20 21 22 23 24 25 ]
62 = [ 1 10 11 12 13 20 21 22 23 24 25 ]
63 = [ 1 10 11 12 13 20 21 22 23 24 25 ]
61
0 = [ 1 ]
1 = [ 1 ]
2 = [ 1 ]
3 = [ 1 ]
4 = [ 1 ]
5 = [ 1 ]
6 = [ 1 ]
7 = [ 1 ]
8 = [ 1 20 ]
9 = [ 13 20 ]
10 = [ 13 20 ]
11 = [ 13 20 ]
12 = [ 13 20 ]
13 = [ 13 20 ]
14 = [ 13 20 ]
15 = [ 1 13 20 ]
16 = [ 1 20 21 ]
17 = [ 13 21 ]
18 = [ 12 21 ]
19 = [ 12 21 ]
20 = [ 12 21 ]
21 = [ 12 21 ]
22 = [ 12 21 ]
23 = [ 1 12 13 20 21 ]
24 = [ 1 20 21 22 ]
25 = [ 13 22 ]
26 = [ 12 22 ]
27 = [ 11 22 ]
28 = [ 11 22 ]
29 = [ 11 22 ]
30 = [ 11 22 ]
31 = [ 1 11 12 13 20 21 22 ]
32 = [ 1 20 21 22 23 ]
33 = [ 13 23 ]
34 = [ 12 23 ]
35 = [ 11 23 ]
36 = [ 10 23 ]
37 = [ 10 23 ]
38 = [ 10 23 ]
39 = [ 1 10 11 12 13 20 21 22 23 ]
40 = [ 1 20 21 22 23 24 ]
41 = [ 13 24 ]
42 = [ 12 24 ]
43 = [ 11 24 ]
44 = [ 10 24 ]
45 = [ 9 24 ]
46 = [ 9 24 ]
47 = [ 1 9 10 11 12 13 20 21 22 23 24 ]
48 = [ 1 20 21 22 23 24 25 ]
49 = [ 13 25 ]
50 = [ 12 25 ]
51 = [ 11 25 ]
52 = [ 10 25 ]
53 = [ 9 25 ]
54 = [ 25 ]
55 = [ 1 9 10 11 12 13 20 21 22 23 24 25 ]
56 = [ 1 20 21 22 23 24 25 ]
57 = [ 1 13 20 21 22 23 24 25 ]
58 = [ 1 12 13 20 21 22 23 24 25 ]
59 = [ 1 11 12 13 20 21 22 23 24 25 ]
60 = [ 1 10 11 12 13 20 21 22 23 24 25 ]
61 = [ ]
62 = [ 1 9 10 11 12 13 20 21 22 23 24 25 ]
63 = [ 1 9 10 11 12 13 20 21 22 23 24 25 ]
62
0 = [ 1 ]
1 = [ 1 ]
2 = [ 1 ]
3 = [ 1 ]
4 = [ 1 ]
5 = [ 1 ]
6 = [ 1 ]
7 = [ 1 ]
8 = [ 1 20 ]
9 = [ 13 20 ]
10 = [ 13 20 ]
11 = [ 13 20 ]
12 = [ 13 20 ]
13 = [ 13 20 ]
14 = [ 13 20 ]
15 = [ 1 13 20 ]
16 = [ 1 20 21 ]
17 = [ 13 21 ]
18 = [ 12 21 ]
19 = [ 12 21 ]
20 = [ 12 21 ]
21 = [ 12 21 ]
22 = [ 12 21 ]
23 = [ 1 12 13 20 21 ]
24 = [ 1 20 21 22 ]
25 = [ 13 22 ]
26 = [ 12 22 ]
27 = [ 11 22 ]
28 = [ 11 22 ]
29 = [ 11 22 ]
30 = [ 11 22 ]
31 = [ 1 11 12 13 20 21 22 ]
32 = [ 1 20 21 22 23 ]
33 = [ 13 23 ]
34 = [ 12 23 ]
35 = [ 11 23 ]
36 = [ 10 23 ]
37 = [ 10 23 ]
38 = [ 10 23 ]
39 = [ 1 10 11 12 13 20 21 22 23 ]
40 = [ 1 20 21 22 23 24 ]
41 = [ 13 24 ]
42 = [ 12 24 ]
43 = [ 11 24 ]
44 = [ 10 24 ]
45 = [ 9 24 ]
46 = [ 9 24 ]
47 = [ 1 9 10 11 12 13 20 21 22 23 24 ]
48 = [ 1 20 21 22 23 24 25 ]
49 = [ 13 25 ]
50 = [ 12 25 ]
51 = [ 11 25 ]
52 = [ 10 25 ]
53 = [ 9 25 ]
54 = [ 8 25 ]
55 = [ 1 8 9 10 11 12 13 20 21 22 23 24 25 ]
56 = [ 1 20 21 22 23 24 25 ]
57 = [ 1 13 20 21 22 23 24 25 ]
58 = [ 1 12 13 20 21 22 23 24 25 ]
59 = [ 1 11 12 13 20 21 22 23 24 25 ]
60 = [ 1 10 11 12 13 20 21 22 23 24 25 ]
61 = [ 1 9 10 11 12 13 20 21 22 23 24 25 ]
62 = [ ]
63 = [ 1 8 9 10 11 12 13 20 21 22 23 24 25 ]
63
0 = [ 1 ]
1 = [ 1 ]
2 = [ 1 ]
3 = [ 1 ]
4 = [ 1 ]
5 = [ 1 ]
6 = [ 1 ]
7 = [ 1 ]
8 = [ 1 20 ]
9 = [ 13 20 ]
10 = [ 13 20 ]
11 = [ 13 20 ]
12 = [ 13 20 ]
13 = [ 13 20 ]
14 = [ 13 20 ]
15 = [ 1 13 20 ]
16 = [ 1 20 21 ]
17 = [ 13 21 ]
18 = [ 12 21 ]
19 = [ 12 21 ]
20 = [ 12 21 ]
21 = [ 12 21 ]
22 = [ 12 21 ]
23 = [ 1 12 13 20 21 ]
24 = [ 1 20 21 22 ]
25 = [ 13 22 ]
26 = [ 12 22 ]
27 = [ 11 22 ]
28 = [ 11 22 ]
29 = [ 11 22 ]
30 = [ 11 22 ]
31 = [ 1 11 12 13 20 21 22 ]
32 = [ 1 20 21 22 23 ]
33 = [ 13 23 ]
34 = [ 12 23 ]
35 = [ 11 23 ]
36 = [ 10 23 ]
37 = [ 10 23 ]
38 = [ 10 23 ]
39 = [ 1 10 11 12 13 20 21 22 23 ]
40 = [ 1 20 21 22 23 24 ]
41 = [ 13 24 ]
42 = [ 12 24 ]
43 = [ 11 24 ]
44 = [ 10 24 ]
45 = [ 9 24 ]
46 = [ 9 24 ]
47 = [ 1 9 10 11 12 13 20 21 22 23 24 ]
48 = [ 1 20 21 22 23 24 25 ]
49 = [ 13 25 ]
50 = [ 12 25 ]
51 = [ 11 25 ]
52 = [ 10 25 ]
53 = [ 9 25 ]
54 = [ 8 25 ]
55 = [ 1 8 9 10 11 12 13 20 21 22 23 24 25 ]
56 = [ 1 20 21 22 23 24 25 ]
57 = [ 1 13 20 21 22 23 24 25 ]
58 = [ 1 12 13 20 21 22 23 24 25 ]
59 = [ 1 11 12 13 20 21 22 23 24 25 ]
60 = [ 1 10 11 12 13 20 21 22 23 24 25 ]
61 = [ 1 9 10 11 12 13 20 21 22 23 24 25 ]
62 = [ 1 8 9 10 11 12 13 20 21 22 23 24 25 ]
63 = [ ]